	Patient_1	Patient_2	Patient_3	Patient_4	Patient_6	Patient_7	Patient_8	Patient_9	Patient_10	Patient_11	Patient_12	Patient_14	Patient_15	Patient_16	Patient_17	Patient_18	Patient_19	Patient_20	Patient_21	Patient_22	Patient_23	Patient_24	Patient_25	Patient_27	Patient_28	Patient_29	Patient_32	Patient_33	Patient_34	Patient_35	Patient_36	Patient_37	Patient_38	Patient_39	Patient_40	Patient_41	Patient_42	Patient_43	Patient_44	Patient_45	Patient_46	Patient_48	Patient_49	Patient_50	Patient_51	Patient_52	Patient_53	Patient_54	Patient_55	Patient_56	Patient_57	Patient_58	Patient_59	Patient_60	Patient_61	Patient_62	Patient_63	Patient_64	Patient_65	Patient_66	Patient_67	Patient_68	Patient_69	Patient_70	Patient_71	Patient_72	Patient_73	Patient_74	Patient_75	Patient_76	Patient_77	Patient_78	Patient_79	Patient_80	Patient_81	Patient_82	Patient_83	Patient_84	Patient_85	Patient_86	Patient_87	Patient_88	Patient_90	Patient_91	Patient_92	Patient_93	Patient_94	Patient_95	Patient_96	Patient_97	Patient_99	Patient_100	Patient_101	Patient_102	Patient_103	Patient_104	Patient_106	Patient_107	Patient_108	Patient_109	Patient_110	Patient_111	Patient_112	Patient_113	Patient_114	Patient_115	Patient_116	Patient_117	Patient_118	Patient_120	Patient_121	Patient_122	Patient_123	Patient_124	Patient_126	Patient_127	Patient_128	Patient_130	Patient_131	Patient_132	Patient_133	Patient_134	Patient_135	Patient_136	Patient_137	Patient_138	Patient_139	Patient_142	Patient_143	Patient_144	Patient_145	Patient_146	Patient_148	Patient_149	Patient_150	Patient_151	Patient_152	Patient_153	Patient_154	Patient_156	Patient_157	Patient_158	Patient_159	Patient_160	Patient_161	Patient_162	Patient_163	Patient_164	Patient_166	Patient_167	Patient_168	Patient_169	Patient_170	Patient_171	Patient_172	Patient_174	Patient_175	Patient_176	Patient_177	Patient_178	Patient_179	Patient_180	Patient_181	Patient_182	Patient_183	Patient_184	Patient_185	Patient_186	Patient_187	Patient_188	Patient_189	Patient_190	Patient_192	Patient_194	Patient_195	Patient_196	Patient_197	Patient_198	Patient_199	Patient_200	Patient_201	Patient_202	Patient_203	Patient_204	Patient_205	Patient_206	Patient_208	Patient_210	Patient_211	Patient_212	Patient_213	Patient_214	Patient_215	Patient_216	Patient_217	Patient_218	Patient_219	Patient_220	Patient_221	Patient_223	Patient_224	Patient_225	Patient_226	Patient_227	Patient_229	Patient_230	Patient_232	Patient_233	Patient_234	Patient_235	Patient_236	Patient_238	Patient_240	Patient_241	Patient_242	Patient_243	Patient_244	Patient_245	Patient_246	Patient_247	Patient_248	Patient_249	Patient_250	Patient_252	Patient_253	Patient_254	Patient_255	Patient_256	Patient_257	Patient_258	Patient_259	Patient_260	Patient_261	Patient_262	Patient_263	Patient_264	Patient_265	Patient_267	Patient_268	Patient_270	Patient_271	Patient_272	Patient_273	Patient_274	Patient_275	Patient_276	Patient_277	Patient_278	Patient_279	Patient_280	Patient_281	Patient_282	Patient_283	Patient_284	Patient_285	Patient_287	Patient_288	Patient_289	Patient_290	Patient_291	Patient_292	Patient_293	Patient_294	Patient_295	Patient_296	Patient_297	Patient_298	Patient_299	Patient_300	Patient_301	Patient_302	Patient_303	Patient_304	Patient_305	Patient_306	Patient_307	Patient_308	Patient_309	Patient_310	Patient_311	Patient_312	Patient_313	Patient_314	Patient_315	Patient_316	Patient_318	Patient_319	Patient_320	Patient_322	Patient_323	Patient_324	Patient_325	Patient_326	Patient_327	Patient_328	Patient_329	Patient_330	Patient_331	Patient_333	Patient_334	Patient_335	Patient_336	Patient_337	Patient_338	Patient_339	Patient_340	Patient_341	Patient_342	Patient_343	Patient_344	Patient_345	Patient_346	Patient_347	Patient_348	Patient_349	Patient_350	Patient_351	Patient_352	Patient_353	Patient_354	Patient_355	Patient_356	Patient_357	Patient_358	Patient_359	Patient_360	Patient_361	Patient_362	Patient_363	Patient_365	Patient_366	Patient_367	Patient_368	Patient_371	Patient_372	Patient_373	Patient_374	Patient_375	Patient_376	Patient_377	Patient_378	Patient_379	Patient_380	Patient_381	Patient_382	Patient_383	Patient_384	Patient_385	Patient_386	Patient_387	Patient_388	Patient_389	Patient_390	Patient_391	Patient_392	Patient_393	Patient_394	Patient_395	Patient_396	Patient_397	Patient_398	Patient_399	Patient_400	Patient_401	Patient_402	Patient_403	Patient_404	Patient_405	Patient_406	Patient_408	Patient_409	Patient_410	Patient_411	Patient_412	Patient_413	Patient_415	Patient_416	Patient_417	Patient_418	Patient_419	Patient_420	Patient_421	Patient_422	Patient_423	Patient_424	Patient_425	Patient_426	Patient_427	Patient_428	Patient_429	Patient_430	Patient_431	Patient_432	Patient_433	Patient_435	Patient_436	Patient_438	Patient_439	Patient_440	Patient_441	Patient_442	Patient_444	Patient_445	Patient_446	Patient_447	Patient_449	Patient_450	Patient_451	Patient_452	Patient_453	Patient_454	Patient_455	Patient_456	Patient_457	Patient_458	Patient_460	Patient_461	Patient_462	Patient_464	Patient_465	Patient_467	Patient_468	Patient_469	Patient_470	Patient_471	Patient_472	Patient_473	Patient_474	Patient_475	Patient_476	Patient_477	Patient_478	Patient_479	Patient_480	Patient_481	Patient_483	Patient_484	Patient_485	Patient_486	Patient_487	Patient_488	Patient_489	Patient_490	Patient_491	Patient_492	Patient_493	Patient_494	Patient_495	Patient_496	Patient_498	Patient_499	Patient_500	Patient_501	Patient_502	Patient_503	Patient_504	Patient_505	Patient_507	Patient_508	Patient_509	Patient_511	Patient_512	Patient_513	Patient_514	Patient_515	Patient_516	Patient_517	Patient_518	Patient_519	Patient_520	Patient_521	Patient_522	Patient_523	Patient_524	Patient_525	Patient_526	Patient_527	Patient_528	Patient_529	Patient_530	Patient_531	Patient_533	Patient_534	Patient_535	Patient_536	Patient_537	Patient_538	Patient_539	Patient_540	Patient_541	Patient_542	Patient_543	Patient_544	Patient_545	Patient_546	Patient_547	Patient_548	Patient_549	Patient_550	Patient_551	Patient_552	Patient_553	Patient_554	Patient_555	Patient_556	Patient_557	Patient_558	Patient_559	Patient_561	Patient_562	Patient_563	Patient_564	Patient_565	Patient_566	Patient_567	Patient_568	Patient_569	Patient_570	Patient_571	Patient_572	Patient_573	Patient_574	Patient_576	Patient_577	Patient_578	Patient_579	Patient_580	Patient_581	Patient_582	Patient_583	Patient_584	Patient_585	Patient_586	Patient_587	Patient_588	Patient_589	Patient_590	Patient_591	Patient_592	Patient_593	Patient_594	Patient_595	Patient_596	Patient_597	Patient_598	Patient_599	Patient_601	Patient_602	Patient_604	Patient_605	Patient_606	Patient_607	Patient_608	Patient_609	Patient_610	Patient_611	Patient_612	Patient_613	Patient_614	Patient_615	Patient_616	Patient_617	Patient_618	Patient_619	Patient_620	Patient_621	Patient_622	Patient_623	Patient_624	Patient_625	Patient_627	Patient_629	Patient_630	Patient_631	Patient_632	Patient_633	Patient_634	Patient_635	Patient_636	Patient_637	Patient_638	Patient_639	Patient_640	Patient_641	Patient_643	Patient_645	Patient_646	Patient_647	Patient_648	Patient_652	Patient_653	Patient_654	Patient_655	Patient_657	Patient_658	Patient_659	Patient_660	Patient_662	Patient_663	Patient_664	Patient_665	Patient_666	Patient_667	Patient_669	Patient_670	Patient_671	Patient_672	Patient_673	Patient_674	Patient_675	Patient_676	Patient_677	Patient_678	Patient_679	Patient_680	Patient_681	Patient_682	Patient_683	Patient_684	Patient_685	Patient_686	Patient_687	Patient_688	Patient_689	Patient_690	Patient_691	Patient_692	Patient_693	Patient_694	Patient_695	Patient_696	Patient_697	Patient_698	Patient_699	Patient_700	Patient_702	Patient_703	Patient_704	Patient_705	Patient_706	Patient_707	Patient_708	Patient_709	Patient_710	Patient_711	Patient_712	Patient_714	Patient_715	Patient_716	Patient_717	Patient_718	Patient_719	Patient_720	Patient_721	Patient_722	Patient_723	Patient_724	Patient_725	Patient_726	Patient_727	Patient_728	Patient_729	Patient_730	Patient_732	Patient_733	Patient_734	Patient_735	Patient_736	Patient_738	Patient_739	Patient_740	Patient_741	Patient_742	Patient_744	Patient_745	Patient_746	Patient_747	Patient_748	Patient_749	Patient_750	Patient_751	Patient_752	Patient_753	Patient_754	Patient_755	Patient_756	Patient_757	Patient_758	Patient_759	Patient_760	Patient_761	Patient_762	Patient_26	Patient_30	Patient_31	Patient_89	Patient_98	Patient_105	Patient_119	Patient_125	Patient_129	Patient_140	Patient_141	Patient_147	Patient_155	Patient_165	Patient_173	Patient_191	Patient_193	Patient_207	Patient_209	Patient_222	Patient_231	Patient_239	Patient_251	Patient_266	Patient_269	Patient_286	Patient_317	Patient_321	Patient_332	Patient_364	Patient_369	Patient_370	Patient_414	Patient_434	Patient_437	Patient_443	Patient_448	Patient_459	Patient_466	Patient_482	Patient_497	Patient_506	Patient_510	Patient_532	Patient_560	Patient_575	Patient_600	Patient_603	Patient_626	Patient_628	Patient_642	Patient_644	Patient_649	Patient_650	Patient_651	Patient_656	Patient_661	Patient_668	Patient_701	Patient_713	Patient_731	Patient_737	Patient_743	Patient_763	Patient_5	Patient_13	Patient_47	Patient_228	Patient_237	Patient_407	Patient_463
Leukocytes [#/volume] in Blood	6.75	12.1800003052	7.003388878756373	8.93	7.2800002098	10.970000267	10.616851039480558	7.565204454928059	5.1300001144	10.0399999619	8.2600002289	6.5500001907000005	5.21	8.61	6.25	6.891308351003649	10.763624699827401	5.823097219602186	8.92	10.04	6.0399999619	8.2100000381	7.463909994141501	7.527833406118333	6.0999999046	7.3800001144	5.300425190948232	7.0	6.1799998283	7.7300000191	7.1300001144	6.116651065489248	6.5689156361919485	15.9799995422	9.086816783573255	6.1399998665	7.527833406118333	9.3500003815	10.8699998856	7.675078690511674	5.87	4.3499999046	7.7600002289	7.57	7.5	7.527833406118333	4.75	4.52	3.8699998856	5.48859001720662	7.7100000381	8.269326342092555	8.15	10.12	2.6900000572	7.294217135834986	7.4699997902	9.220000267	8.51	7.8200001717	9.6000003815	7.306761120968426	8.220000267	8.335405149889404	8.752774423524706	9.874834014116328	8.64	9.48638622301463	8.379546063361055	7.9600000381	5.25	8.179547798919119	6.4899997711	7.3200001717	6.5	5.3699998856	8.3599996567	9.7700004578	6.1199998856	11.7299995422	8.0	6.94	8.3599996567	7.1199998856	4.7300000191	7.4464958066440605	9.69	5.14	10.802855094561705	11.9099998474	6.9200000763	8.197602465218555	9.3	8.6499996185	6.5600000000000005	10.3199996948	12.77	8.160304615255152	6.902436835260197	9.93	8.41868945551704	5.1700000763	6.740322833695706	4.2899999619	8.470605641819358	8.752333972971968	6.5900001526	9.6499996185	7.25	6.5599999428	10.9	6.94	7.405867777633768	10.2700004578	11.25	5.6300001144	5.4200000763	7.65757804420203	6.713809730123618	8.6999998093	8.25	5.15	10.0200004578	5.4299998283	10.6899995804	7.65467479923589	9.14	6.4614304758727865	9.07	9.75	7.2100000381	11.8100004196	9.3100004196	9.41	7.3000001907	6.6799998283	9.42	7.902499002426506	10.5799999237	8.3400001526	6.813672221688102	5.807337945433762	6.3299999237	5.11	11.4399995804	9.0600004196	5.5100002289	6.5999999046	5.2399997711	7.4600000381	8.010700807644131	7.555600535494797	8.890982136269976	11.4899997711	7.100978427962285	7.22	9.89	8.665982826458603	8.7100000381	6.0599999428	7.5999999046	10.3400001526	9.2	9.6499996185	9.9099998474	5.9400000572	7.0700001717	8.2299995422	8.470000267	8.0399999619	6.635344901249588	8.38	6.9	8.4399995804	6.7600002289	12.0200004578	7.16	7.975981380074331	9.7700004578	7.138556783559893	9.209500439835056	6.4800000191	6.2800002098	9.01	7.5900001526	9.534043361225198	8.356339504430093	7.3899998665	6.5900001526	8.641215173273594	6.5999999046	9.75	7.664240577360264	7.731285579861691	7.7699999809	8.96	7.5100002289	6.9699997902	12.0600004196	5.801841246824996	4.86	8.105167818778016	7.9099998474	7.55	7.74	7.945210432464033	9.3299999237	7.2699999809	9.258103498042217	7.7699999809	6.4299998283	10.8400001526	9.8800001144	10.5799999237	5.3899998665	6.5500001907000005	10.051773021983673	9.5699996948	7.08	6.487182928331576	8.153015760634116	7.694693654836206	6.58	6.1500000954	6.4499998093	10.58	10.6499996185	7.04820670335969	8.0399999619	11.6	4.7800002098	14.470000267	11.13	9.82	11.3699998856	11.8	9.6599998474	8.3400001526	7.0799999237	2.2100000381	7.016843050684598	6.4299998283	6.4200000763	7.9800000191	9.6400003433	6.836990155571442	11.8699998856	7.946335290352731	8.027140449743094	5.9299998283	7.0900001526	5.2300000191	9.7	9.39	10.6499996185	16.0300006866	7.866792522837596	5.5300002098	6.254668848498814	6.6399998665	6.184127468721649	4.24	6.6999998093	10.8000001907	10.41	7.4794344390293395	3.35	5.5199999809	13.353496943462616	5.93479827628787	5.5399999619	11.1300001144	7.527833406118333	12.3699998856	12.4399995804	5.86	8.970000267	5.61	8.454645912156868	12.45	8.21799214089449	18.9300003052	11.65	7.1500000954	9.0200004578	8.325049910757771	5.5	7.764718301442858	10.75	7.2300000191	9.55	8.1000003815	3.9300000668	7.8600001335	7.232669958314992	12.5900001526	9.279999733	7.327410095400099	6.9699997902	6.6399998665	11.311447930979265	7.222151501958029	3.8599998951	6.0100002289	6.2600002289	6.929370503081406	8.338754681183904	5.3899998665	8.1800003052	8.0699996948	3.94	5.299238227201172	11.3000001907	7.63	11.970000267	5.57	12.9899997711	6.5199999809	8.977330330910146	8.6499996185	13.48	10.72	12.6800003052	7.8699998856	7.5500001907	7.730458744644171	9.575692427636758	15.5399999619	6.9600000381000005	8.73	7.250772320670757	8.470000267	6.457916814602694	5.78	5.8800001144	8.1199998856	10.186508322002679	9.435840832246509	5.3299999237	12.2899999619	6.012335595532326	7.5500001907	8.779999733	8.6099996567	6.2699999809	8.8299999237	8.76	13.3199996948	7.9499998093	8.1899995804	4.96	8.979107047848808	5.4400000572	8.99	12.3900003433	8.6999998093	7.9200000763	9.6899995804	12.970000267	14.4099998474	5.7800002098	6.280837359716062	7.857106300518861	8.061713973212244	8.391109968333781	6.9800000191	6.8899998665	9.3900003433	8.52	7.3299999237	7.508618521755806	7.22706745835652	7.335511899782517	11.1099996567	8.47	7.849653403313214	5.1999998093	7.944962397434952	7.272217912460159	13.529999733	6.36	6.3299999237	7.9000000954	8.48	11.5100002289	8.271476354468815	6.9800000191	7.8499999046	8.1899995804	6.8600001335	10.3999996185	8.2299995422	4.7899999619	9.62	4.0599999428	5.82	8.141540994463728	12.594578113642541	17.01	9.4399995804	9.0500001907	4.24	9.720000267	10.1199998856	7.359053088496293	7.5300002098	9.306224857152813	11.04	5.7899999619	8.0500001907	5.62	5.283242803177313	6.4800000191	9.27520937015274	8.5600004196	3.0199999809	9.3000001907	6.3000001907	7.527833406118333	5.93260487914376	7.527833406118333	6.9200000763	6.738540213010658	4.93	8.9600000381	8.011866603353162	6.2600002289	9.75	9.38	6.9699997902	7.257160251941174	4.0599999428	13.9300003052	6.276028292199506	5.5700001717	8.857053694194576	13.18	6.8400001526	23.86	7.4499998093	8.857153514117023	10.0600004196	13.5900001526	7.899822624451419	6.67306611197356	5.69	10.290360813953548	8.1000003815	5.4899997711	5.9200000763	9.6199998856	7.6100001335	5.8600001335	8.24	4.5	7.527833406118333	11.84	14.9600000381	9.25	7.86	6.7399997711	6.55	11.1099996567	7.5300002098	6.8100000000000005	7.15	8.25	7.4600000381	4.5399999619	6.6300001144	7.5500001907	7.0999999046	14.3800001144	7.6999998093	6.1900000572	10.777770076168018	6.757175543839498	14.23	6.7199997902	7.703773694458593	5.46	7.3299999237	9.8900003433	7.980699017202779	5.8699998856	9.418876028602257	9.235018063013257	6.0500001907	12.6199998856	11.4799995422	8.42	5.7699999809	6.2199997902	5.9000000954	10.1899995804	8.8699998856	7.1500000954	6.0100002289	5.8600001335	3.45	7.136907773977263	6.9200000763	7.6999998093	7.353293906215974	7.0100002289	9.1999998093	9.76	7.6399998665	9.3100004196	10.7100000381	6.4000000954	7.9000000954	7.6599998474	9.470000267	8.56	4.1199998856	6.35	5.989673598944808	8.2899999619	7.8000001907	5.5100002289	8.4899997711	6.508896907538915	4.94	8.2299995422	9.7700004578	12.029999733	7.1999998093	7.632408042932734	10.899045145150666	8.747134481385206	5.8299999237	7.4699997902	5.608169778806033	4.88	7.634466119995207	5.1	7.5	9.03	10.03681199647132	6.3299999237	9.2100000381	8.8699998856	8.525207993886822	5.6900000572	9.03	6.15	8.465350414205862	8.288806937926152	8.0968052785437	6.8499999046	8.0600004196	14.2899999619	7.95	9.4099998474	10.8299999237	8.5900001526	6.1900000572	7.377038851860937	8.481330690459389	15.1199998856	9.4200000763	8.6899995804	8.19157858536179	4.44	7.8600001335	10.97	5.8000001907000005	9.52	10.0900001526	11.1800003052	7.4600000381	3.28	7.786097398404545	6.8499999046	16.47	7.056075465121612	6.6399998665	8.8	7.365590866171689	6.3499999046	9.3000001907	7.0799999237	7.09	7.289999961899999	11.0699996948	8.05	11.5500001907	11.3999996185	7.19	8.15071943633262	10.53	7.4699997902	7.154119913522734	6.3299999237	6.9600000381000005	5.5399999619	7.3299999237	8.04	7.6399998665	9.9	8.034677669536924	6.626639050394843	6.5	7.5900001526	6.1300001144	8.6000003815	8.47	5.555747928857676	11.89	7.435576905384212	11.0799999237	6.1199998856	6.622178614638549	8.6999998093	9.4799995422	5.4800000191	5.8800001144	5.4699997902	8.2299995422	7.3099999428	9.8199996948	6.1199998856	5.6500000954	6.0500001907	7.65	8.9499998093	7.082479349385562	18.6800003052	7.4800000191	6.0100002289	8.137556742461982	6.3200001717	6.530251379663703	4.5300002098	5.9000000954	6.118733223622506	8.49	7.991433892473309	6.666929633690658	10.8400001526	5.881860625339481	10.94	8.1000003815	11.496204431232023	7.3899998665	5.6100001335	6.0799999237	9.635256878541572	11.97	7.789999961899999	6.2100000381000005	6.3099999428	9.0	9.269109712603877	7.760800427747514	11.5399999619	6.6900000572	5.6799998283	8.1300001144	7.2	9.25	7.4491466664522035	8.005310415310747	7.75045943334606	4.3200001717	8.8000001907	7.797749141024979	8.9099998474	11.720000267	11.9499998093	6.6999998093	6.0599999428	9.6300001144	8.393530640293529	5.1599998474	7.75	8.21	11.52923402792017	9.088414446098502	9.2700004578	8.018879283048692	8.8900003433	9.267356455289011	12.83	6.029356096362875	9.3199996948	12.89	4.17	12.6300001144	7.791174037689867	4.99	7.179114822103163	5.91975894845503	7.927061461584168	9.593880316634245	6.48170891253787	6.072642986311281	7.386308044410294	9.058972851276387	7.977254297707917	8.30051180455395	8.390938817949245	9.317966942629127	8.499935337343198	7.668313307876927	7.858375916715324	9.01385106141507	8.757678960834792	9.664567736453588	7.021987388851175	9.711720026667289	7.8352384743415575	7.0377552079156835	10.822873144938821	7.475449876304098	7.06343432962989	8.540338208341653	7.067291029637352	11.148261234232631	8.13491842811491	8.006572302260295	7.567897340088765	8.254579793471933	6.556686491638798	10.529090295836687	7.041955257384011	7.989896277263276	8.555751453059079	7.476297918400083	7.2369963945645015	10.239624638960112	8.43680611115353	8.630608510284773	7.403656358527008	10.312661749841045	7.7651499740568894	8.211148261737073	7.507816311375185	8.608300660799536	5.142229334962142	8.037906319682149	8.001145516437678	8.699147743228384	8.753207843958391	8.909886320601995	6.585759956801403	7.5297738978018165	7.326687430233941	7.029572615424827	6.795222392785177	7.764819053535786	7.9366063435535725	7.9034308621849965	7.418399256146575	7.871827835898217	7.644976575222199	7.3724610403047866	4.957452637682273	6.61293956226811	6.768577542451635	5.909424285044766	8.92402012249246
Hemoglobin [Mass/volume] in Blood	15.670558474416916	13.8999996185	14.649232928428157	15.7	15.0	13.6999998093	15.41140570040938	13.1999998093	16.2000007629	13.8999996185	14.1999998093	13.535256071913938	12.9	14.216210787565828	14.951612144344182	13.642644136473683	14.4	14.118332130705694	14.9	14.0	15.6000003815	14.656913692160678	14.027081836099923	14.475	15.6000003815	14.1000003815	13.6999998093	15.0	14.3999996185	15.6000003815	12.3999996185	14.7	13.695920244344503	13.097607311584579	14.8	15.906786858254524	14.475	15.8000001907	16.15787941862147	14.3	11.554251089191236	12.3000001907	14.123979769671546	15.210038712145636	16.7999992371	14.475	14.0	14.589654920759088	15.8000001907	12.6999998093	15.1999998093	9.2	13.8	15.1	12.3999996185	15.3	14.3999996185	15.3999996185	14.349945760476354	8.0	15.3000001907	13.3	13.8999996185	12.3000001907	13.322065412855853	14.674392531652757	15.412059183979132	14.647393342060377	14.5	14.5	15.0	15.1999998093	14.789727766716991	13.90361541359972	14.6000003815	15.6000003815	12.3999996185	15.8999996185	12.3000001907	14.8000001907	15.3000001907	12.512294533791778	14.6999998093	15.093899641768534	14.04023086115324	14.2	14.555323132520748	15.088423049163751	14.6	15.367815062372253	14.6000003815	14.3000001907	12.1	15.1000003815	13.1	12.0	14.0	15.1000003815	12.5	15.0	13.8	11.8999996185	14.9	12.6000003815	14.3000001907	12.1000003815	14.3999996185	15.8000001907	12.1	14.558111489395444	14.9	13.9	15.1999998093	13.1000003815	13.3999996185	13.617180769291185	14.276923100764394	15.7	12.8999996185	15.3999996185	15.6999998093	12.7	14.317838327905095	12.61254101200085	13.6999998093	15.056759214958324	13.0	13.899491112262496	13.23760960825033	14.3	15.8000001907	14.3999996185	14.1000003815	10.0	17.8999996185	15.336486519840813	13.29049922227035	14.209431612068654	11.3000001907	14.3000001907	13.2	14.6000003815	13.3999996185	12.8	15.3000001907	14.426081527112352	15.8999996185	11.8000001907	15.1000003815	15.5	16.5	15.29975230992105	14.84100747548117	14.3000001907	10.0	16.1	13.139815976636848	14.3999996185	12.8999996185	12.1999998093	12.3000001907	12.8000001907	17.6	12.8999996185	16.7999992371	13.3000001907	16.1000003815	11.6999998093	12.5	16.7000007629	13.3000001907	13.415397702617172	11.8	12.0	15.004923957717809	16.3999996185	13.2	14.347740350586271	16.0	14.1999998093	14.1999998093	14.8000001907	14.1000003815	12.0	16.7000007629	15.1999998093	14.6999998093	15.781487261803372	14.6000003815	14.1000003815	15.8999996185	14.0	9.6	14.329440733884589	14.8999996185	9.4	14.1000003815	9.5	14.6000003815	15.1000003815	13.063550188533823	13.1000003815	14.0	17.1	15.924519716895144	13.8999996185	16.2000007629	15.153540267659533	11.8999996185	14.3999996185	16.7000007629	15.217855059630995	12.8000001907	15.918545870512487	15.3999996185	12.3000001907	16.3	14.138636453508548	9.8	16.6000003815	14.1000003815	14.2	14.7	14.6999998093	9.6000003815	13.2	14.1999998093	16.2000007629	12.765885216303452	15.161121298878772	13.8000001907	11.8999996185	15.1	14.8	16.658702775199302	11.6	15.592196408957221	15.6000003815	13.96849585846192	11.5	14.104575286263087	14.3999996185	15.1999998093	15.5	15.3000001907	11.0	12.8999996185	11.86733170579839	14.8000001907	14.3000001907	15.688831530596614	14.203497284633661	14.936612626956583	12.8	14.816241021418778	14.8000001907	12.5	15.5	12.9	13.3999996185	13.1000003815	14.5	15.6000003815	14.804978097044721	12.7	14.376189693671249	8.6	15.1000003815	16.6000003815	13.5	13.732055864868897	14.148113313334852	14.475	16.113009017637452	15.6000003815	14.8	15.0	15.5	14.274563926462392	13.8	13.180586317162414	15.294638504656358	16.0	15.5	15.600229418405196	17.0	14.8999996185	14.230341519630691	13.3000001907	14.6000003815	13.9	13.799470914641281	13.1000003815	13.754296118173468	14.8999996185	15.31041926816117	13.6000003815	13.994999752025	15.307920368753793	13.134267098605973	14.136325797398285	13.5	13.586791062878463	13.1999998093	13.3999996185	14.1999998093	15.3999996185	13.1000003815	15.173830514721654	14.3000001907	11.2	12.6000003815	16.3999996185	13.8	13.8000001907	15.5	18.0	12.3999996185	13.3999996185	14.6000003815	15.94551299802071	15.380887065555228	15.8999996185	15.149181961686901	15.8999996185	14.3000001907	14.6000003815	12.3000001907	14.3000001907	15.280859386781046	15.7	15.3999996185	13.8000001907	12.5	14.3999996185	13.89668475689965	15.4	15.1000003815	13.5	12.579536108257322	14.8999996185	15.44715628445044	15.8000001907	12.3000001907	14.476891259159645	16.8999996185	10.3	14.579325318796855	15.3999996185	14.6999998093	13.8	13.3	14.8000001907	13.5	14.926697233116375	14.6000003815	13.1999998093	14.6000003815	12.679025726964706	15.8999996185	14.8000001907	13.768048129013994	14.0	15.1999998093	14.350225587173696	14.8999996185	14.0	13.975096275695206	10.9	14.857893214995318	14.1999998093	12.3	15.0	16.7999992371	14.5	14.1000003815	14.0	14.2	12.5	14.702910298140052	13.5	14.6000003815	10.3999996185	13.4	15.6000003815	13.6999998093	11.8000001907	13.3999996185	15.238927232915145	15.8999996185	13.461569241270844	15.6000003815	13.5	16.2	13.631163141348464	15.1	14.333809642205503	14.7	11.458603479743779	14.6000003815	14.961722533950743	14.0	14.6000003815	14.8000001907	14.278364947262464	15.1999998093	14.947988885940232	14.5	16.193522546101697	14.8999996185	13.667825600210206	16.3999996185	14.6000003815	11.644362062494496	15.6000003815	12.982084707643706	14.726550061417933	15.597186823776836	14.252462900329315	13.047819169838364	14.475	14.15822047244354	12.8999996185	13.971429612030361	11.3000001907	14.7	15.716009296281944	14.53416210840036	14.7	15.8999996185	12.621331852528824	15.655559054187147	16.0	16.1000003815	14.0	10.8	15.18198613735206	14.3999996185	15.5	15.271108043938092	14.9	10.8000001907	13.0	13.6999998093	12.4	12.7	18.5	16.1000003815	10.8999996185	14.5	16.8999996185	15.3999996185	11.3000001907	12.5	13.0	14.475	11.1	9.0	12.6000003815	15.0	14.8999996185	10.018932539821748	17.2000007629	14.5	14.7	16.0	15.71263131282177	14.5	13.6999998093	16.5	14.57689955494659	15.0	14.3999996185	16.2999992371	13.8999996185	14.8000001907	13.5	13.925684353359188	15.3000001907	13.604710804606569	15.6	14.487089017945525	15.8000001907	13.6999998093	14.3000001907	16.6	11.617602464112794	14.02212950714997	13.6999998093	13.3999996185	14.6	13.8000001907	13.3999996185	13.8000001907	10.3000001907	15.442202400975193	14.8999996185	14.0	14.114777587177555	11.2	13.6	13.5	12.978080250490734	13.5	14.1000003815	15.8999996185	15.8	15.3000001907	14.285891928365972	15.752709306645277	13.885712383018507	13.1999998093	12.5	14.314850973575892	14.4	15.0	13.2	14.77703293023306	14.6000003815	14.3000001907	15.1000003815	16.0	11.8000001907	15.9	15.510410307225566	13.8999996185	13.1999998093	16.7999992371	14.475	15.0	15.8	12.8000001907	14.1999998093	15.515399556151213	11.7	15.4	14.6	16.3999996185	13.5	15.6999998093	14.1999998093	10.1999998093	13.1000003815	15.391073286848705	14.3000001907	15.4	13.9	11.1999998093	14.0	15.0	12.588694205385602	12.713501017319093	14.3000001907	14.8	13.6999998093	15.564513811183215	12.6000003815	14.6000003815	13.8999996185	13.5	14.77044951562016	14.0	15.45168753136184	13.8999996185	13.134168969196896	14.499010793859483	17.1	16.2999992371	16.4	13.3999996185	14.394171252069182	16.7999992371	14.7	13.579707479752763	14.5	15.8	10.8	15.3999996185	13.816254638433122	13.1000003815	14.71891991691524	15.3000001907	14.1999998093	16.2	14.1000003815	10.3000001907	14.091748363708227	15.3999996185	11.3999996185	15.30622923955143	13.1	17.6	12.528298565991696	15.0	14.5	12.3999996185	14.8999996185	14.1000003815	14.1	14.5	13.1	17.032687166655283	14.1000003815	17.0	15.5	14.5	16.8999996185	14.334409446073755	13.642518317082837	13.4	14.6999998093	15.227847353894257	15.5	16.7000007629	12.5	14.643341520464906	12.0	15.39505170570303	14.669426114817341	14.193730275090495	14.254758351239062	15.244421119613806	15.8999996185	13.815386727530862	16.0	14.3	10.1000003815	13.0	13.6999998093	13.132802735780624	14.761418306618863	16.455653013306637	14.978876186183236	10.6999998093	14.0	15.3000001907	15.7	10.27881419187571	16.7000007629	14.925111811633887	14.8812367926261	14.2	11.830614012709859	13.893620107443706	11.99510921556547	15.8999996185	14.0	15.3000001907	17.8	14.5	15.1999998093	14.94338355618287	14.272211182794313	15.537156886457945	14.19156037638756	15.1999998093	15.3000001907	15.1000003815	13.6000003815	14.3999996185	15.1	14.6000003815	15.8999996185	14.8000001907	14.475	14.123419241856382	12.919491358117808	13.8000001907	15.3000001907	16.8999996185	15.37089127361006	13.3999996185	15.0	15.6000003815	14.0	15.5	14.7	14.1	14.160143468809034	13.706241806496239	12.3999996185	14.6999998093	11.8000001907	16.2000007629	16.3	13.8000001907	14.3999996185	16.9	12.820505794236453	16.7999992371	14.1000003815	14.7	15.06340986279012	12.70678993731656	13.069406085309929	12.863975956563426	14.1355912113293	14.595033141060217	14.054771769290152	17.143189819795985	15.14987936059616	15.089355084234317	14.681155445358005	13.303438119225172	14.208574461396152	12.954014644440592	14.565654799086886	14.467647274508966	14.873621221798023	14.188486156885284	14.143996808913545	17.947991270131894	12.39165423827298	13.74095280174807	15.517337660559392	13.355202839880551	13.758861613220216	15.07423849166064	14.195151718444102	16.491805442135757	14.48073875783701	14.681718523566225	12.973889250302685	13.777901633316002	13.913612031386451	14.117535412203932	15.877855782355136	14.475075233565827	13.549005848124358	13.794751764485174	14.2480286715843	15.184531672518206	13.851095728020352	14.087483596437167	14.27057163225536	15.554615371384475	14.289382353798167	14.586673584143028	15.386942718831396	15.883909492474686	14.525270369465133	14.679203010169788	13.972400923154016	14.144196808308182	14.741320917850818	13.530801288215352	13.392852470881818	14.967140783278149	14.079148984793028	13.736109775357733	13.354273039440091	15.101728522614064	15.286492403493368	13.94881435378848	14.155531471595534	14.935847557618192	13.322200267924961	14.359943495578138	14.786301787288417	13.411952291622443	13.921466319004727	13.703812909305931	16.084819450302493
Platelets [#/volume] in Blood	156.0	295.0	225.0	198.0	217.0	456.0	328.0	203.0	239.0	499.0	248.54424626387834	282.0	320.0	236.0	245.0	219.3097536488791	324.0	286.0	286.0	211.6456049773252	140.0	186.0	145.0	255.85	256.81121287587433	239.0	216.0	209.0	217.0	150.0	394.0	152.0	311.0	202.0	419.0	194.0	255.85	188.0	322.06418900528297	207.0	321.0	210.0	149.0	216.0	279.0	255.85	121.0	138.0	140.0	278.0	281.0	384.0	307.0	212.0	212.8245741837449	449.0	249.0	156.0	169.58562622290827	549.0	266.0	302.0	219.0	253.57465683573014	382.0	224.4007199155334	395.0	336.0	267.0	245.0	193.0	229.43992798138922	263.0	194.0	259.0	223.89012106426182	273.48306198647316	264.0	270.0	402.0	229.0	357.0	259.0	228.0	228.0	202.0	224.6344660642474	274.0	361.0	356.0	235.0	183.0	230.0	248.46800909435242	189.0	247.0	369.0	259.37335028374264	308.0	125.0	184.0	214.0	211.0	102.0	339.1547795786646	281.0	194.6339234914097	157.0	217.0	253.39659654884784	237.0	103.0	188.0	113.0	293.0	228.20089312625214	236.33943849454033	224.0	233.0	216.0	271.0	198.0	227.0	192.0	331.0	328.4645175741691	483.0	205.81118629462608	288.0	260.0	211.0	270.0	380.0	327.0	167.0	254.0	366.0	268.0	336.0	237.408479863083	244.0	262.0	225.447239582748	221.55908851504762	239.0	274.0	247.0	243.0	266.0	288.0	218.0	221.26671185257973	392.0	180.0	268.0	257.89511751719476	307.0	218.0	305.0	223.0	240.68131098128904	258.2017638549504	210.0	420.0	180.0	256.0	260.3882094735302	190.0	240.36079750610128	91.0	179.0	242.0	107.0	242.8696088573929	238.0	335.0	246.0	354.0	194.0	238.9247057859316	298.0	314.0	224.0	183.0	191.103059773867	168.0	267.0110940762852	235.0	204.070099225297	205.14436191819885	271.94713832578543	315.0	177.0	217.0	271.0	233.0302972949806	241.0	300.1335445116447	314.0	194.0	164.29002487854808	198.0	299.0	317.0	211.04559021716756	257.0	297.0	235.54792947580418	203.78367895631595	251.0	199.0	216.77415894548358	285.6877837060522	330.0	213.0	250.06788413376418	304.0	330.0	169.0	178.0	200.0	250.0	224.42115017017676	296.0	229.41919436488362	274.5710751391678	434.0	202.0	163.0	275.0	224.0	767.0	369.39831208619074	244.0	238.0	281.5035718794227	300.0	237.75820941915427	334.0	212.0	208.68252965596244	290.0	300.0	166.0	171.0	232.80017982084917	346.1105987205473	325.0	287.0	172.0	142.0	497.0	276.0	374.0	183.0	470.28468301534417	402.0	156.0	278.0	263.9843937089708	296.0	260.0	144.0	211.58854961170204	200.0	289.0	62.0	231.15070220002525	319.0	145.0	324.0	315.0	255.85	257.10302802720304	305.0	239.0	341.0	138.0	233.0	357.0	190.0	373.0	416.0	246.0	217.0	163.0	209.0	237.6331630761635	240.0	323.0	219.1550040958607	255.0	196.0	273.0	223.0	460.0	306.6208095895816	285.20000000000005	124.0	234.93094978689066	523.0	228.0	191.0	203.0	361.0	206.0	213.0	158.74538678084218	254.0	305.0	209.69296968016107	186.01431621624158	268.0	291.0	345.0	221.71760675581578	329.0	257.95821386759326	198.0	321.0	294.0	273.0	258.0	222.00341446719042	165.0	325.0	278.8267111827016	454.0	141.0	190.7703184820794	255.0	250.9240515247951	219.0	339.0	226.2089432985221	354.0	308.0	245.0	257.6875188274504	275.0	219.0	337.0	182.0	236.8431066940368	230.0	291.9055715667065	321.0	409.11049171462446	238.0	274.0	174.0	376.0	244.0	259.15882531763464	269.0	229.0	387.0	256.0	398.0	248.0	187.0	278.02624861361886	255.0	196.75161097714343	178.0	182.0	224.77863295538026	196.0	331.0	308.0	266.68634739049617	339.0	250.0	231.86639700567798	325.0	216.09688025257407	144.0	202.3457203939173	306.0	318.2016165930606	224.0	272.0	232.41247752706406	254.89758728894338	273.4746808857944	228.0	246.0	235.0	210.3335065844515	250.0	289.0	232.06941609807942	237.20897276762483	245.0	188.0	150.0	319.0	304.0	428.0	342.0	277.0	151.0	277.70047297689814	342.4844093716873	337.0	250.0	350.0	261.86617825691917	221.0	351.0	252.0	65.0	225.0	182.0	188.0	283.0	318.0	290.0	255.85	249.87977644366674	255.85	244.0	256.0	222.0	370.0	276.60132440200175	248.36804552687258	242.89414033105808	260.0	226.0	240.0	189.0	184.0	148.0	225.0	764.0	404.242140549894	320.0	208.0	226.85092117165803	200.0	219.8421128798822	281.0	263.61412597143976	216.0	274.0	174.0	234.0	190.28296765044058	221.0	259.85763395193806	312.0	73.0	273.0	267.0	255.85	259.0	334.02001836009487	287.6149716100826	113.0	236.0	406.0	171.0	265.0	218.0	236.0	270.0	346.698070634479	142.66584295538357	171.0	276.0	240.7862683517314	463.0	227.0	212.0	260.0	302.0	538.0	222.25147696224792	376.0	189.0	142.0	349.1284425258027	353.0	220.30658906033403	262.0	297.0	333.20606348049625	336.0	316.0	333.0	234.0	311.0	273.0	363.0	275.493214255171	239.0	279.0	220.41177395217306	168.67559897510083	242.0	303.0	251.14337923423125	113.0	326.0	336.0	266.37183697985097	270.86654696480383	247.0	264.0	276.9693504703875	261.7002801554646	392.0	221.0	248.36067150006812	184.0	154.0	153.0	416.0	291.0	335.90479394223564	292.0	192.0	169.96734878767867	244.9251071613738	356.0	382.0	258.0	251.86707375052924	400.0	301.0	283.0	202.0	187.0	237.0	254.0	137.0	187.0	261.62503328740235	265.0	270.0	287.4141314725953	306.82357199117655	282.1430572264888	200.0	312.0	327.0	355.0	343.0	322.0	279.0	356.0	296.0	441.0	256.0	502.0	347.28903120982613	320.0	220.0	252.0	432.0	307.0	263.0	422.0	226.0	166.0	175.0	314.0	209.0	297.0	260.0	215.0	147.0	279.0	275.0	344.53790082027206	1106.0	233.0	216.0	231.12942311555588	239.0	190.0	234.0	182.0	127.0	840.0	180.0	245.0	298.0	346.0	315.0	216.0	279.0	201.0	251.0	246.0	193.14810376136558	199.0	232.19621552260082	306.0	318.0	290.0887402908776	213.0	229.0	188.0	277.2759034660317	209.0	250.13112487274134	135.0	352.0	189.0	320.0	196.48137389673485	282.3643582464998	494.0	276.0	224.0	212.0	184.0	265.0	217.26922216908085	252.0	305.0	259.0	196.0	243.0	268.0	260.0	400.0	402.0	206.0	240.84137520077806	296.1819674792148	108.0	183.0	208.0	252.0	757.0	192.0	293.0	354.0	292.0	220.0	193.0	314.35053401136935	247.29295150579065	280.0	305.0	358.0	210.0	190.86672921544223	227.4995613379986	269.0	201.0	201.0	255.0	420.0	262.4043181357149	306.0	327.0	226.0804812176405	271.0	236.0	262.0	255.85	339.0	360.0	377.0	238.3159693722354	406.0	362.0	216.21753659938574	246.05063217510698	381.0	363.92295717070783	198.0	275.48550113397727	257.0	279.0	242.0	280.0356607085423	301.0	270.0	335.6584991134137	271.26508496510473	194.0	301.0	320.6706379524061	299.3430972594263	508.0	182.0	281.0	241.6223307270385	197.2679795376789	269.1664881288681	223.74184712022517	182.86819701432745	245.2784741428506	173.70398518991055	305.2463936695518	239.3156225486797	224.3178496222126	337.51716223987665	280.91830517287394	258.61147592692106	280.2196190500918	274.40570937944256	281.23581274037895	213.63317355969912	198.62852248639464	211.3567578134465	397.5052903337065	228.10207299963756	262.30325196454356	279.7110576820967	190.25186139180025	237.122217108915	222.8706676924264	163.01186801095	408.59930364127445	256.7403778810485	215.35071508141522	196.2968715456921	234.9660726732643	276.80398106448604	323.2360058724129	235.0940797113526	255.72588622582484	221.86267206477135	256.9304515893684	235.40926393536483	294.01781604056634	238.15657021529046	271.59639987275176	234.81706366010002	364.70404395931246	275.0477558006916	263.25203441948344	168.5381293804644	255.78449340405083	218.16971685375657	240.08818020185072	250.36452828088989	261.94013437859655	243.90657554288893	226.55788528052804	233.6256507834478	239.61008190700932	257.4700579602432	230.69072685950982	226.42823600466645	288.52844522366115	188.1618498421111	346.80829600033627	254.6915797905051	276.9912187769354	261.09581997724916	201.7938001566837	229.86954963403784	248.844116547731	206.37043388760844	324.0231949015535	277.4636815417981
Erythrocytes [#/volume] in Blood	5.2899999619	4.1900000572	5.0700001717	4.727250839784103	4.8000001907000005	4.846289834560994	4.5999999046	3.9800000191	5.4600000381000005	4.2399997711	4.057430810061508	4.46808754381017	4.21	4.67	4.9299998283	4.3400001526	5.069529466409871	4.6319358119307825	4.51	4.57	4.7399997711	4.6900000572	4.8	4.650875889366119	4.7600002289	4.7699999809	4.211656905419118	4.93	4.6199998856	4.9600000381000005	4.5	4.18	4.3699998856	4.3099999428	4.49	5.1700000763	4.60750003575	4.4200000763	5.2800002098	4.5725389511196814	3.53	4.1799998283	4.7399997711	4.98	5.3000001907	4.60750003575	4.3	4.58	5.0399999619	3.7300000191	4.8699998856	3.7	4.616465593405759	4.7	4.842389335395991	4.78	4.6500000954	5.1599998474	5.3	3.2094430973556607	5.1500000954	4.76	4.4499998093	3.6900000572	4.5	4.5399999619	4.57	4.7199997902	4.8699998856	4.785404706905447	4.9099998474	5.2800002098	4.3000001907	4.007050440670671	4.7399997711	5.1599998474	3.9400000572	4.595690099613212	4.0599999428	4.7699999809	5.3899998665	3.939677768221194	5.2600002289	4.8299999237	4.509728432236895	4.57	4.4	4.711917896476909	4.66	4.4699997902	4.8699998856	4.3299999237	3.82	5.3899998665	3.85	3.8399999142	5.01	4.5199999809	4.3299999237	4.73	4.27	3.7100000381	4.52	4.6999998093	4.3800001144	3.7000000477	4.4099998474	4.9299998283	3.86	4.6399998665	4.54	4.53	4.526869148939504	4.3800001144	4.1999998093	4.75	4.5900001526	4.87	4.28585373546713	4.5999999046	4.645645494768786	4.11	4.692064536432248	4.0300002098	4.386376839305902	4.8400001526	4.22	4.262631931616392	4.12	4.92	4.947804250733297	4.4899997711	4.5557719449381775	3.22	5.4899997711	4.75	4.21	4.8000001907000005	4.0500001907	4.371287422842549	3.53	4.7699999809	4.2600002289	4.251136164724383	4.1799998283	4.1900000572	4.498224138792364	4.1500000954	4.601395566687291	4.7087324128989305	5.2899999619	4.7300000191	4.7399997711	4.5991755063845465	3.4400000572	5.41	3.9	4.6599998474	3.8699998856	4.4684526442595365	4.1999998093	4.157028839896414	5.744865469498086	4.3699998856	5.1199998856	4.8800001144	5.21585087812914	3.4900000095	4.0999999046	5.3000001907	4.635243749862364	4.1	3.61	3.9200000763	4.8400001526	5.5	4.34	4.639934226905635	4.940700440434371	4.748218125961671	4.295630768038918	4.7899999619	4.476662385624755	3.83	5.0199999809	4.8600001335	4.4099998474	4.9099998474	4.5300002098	4.4000000954	5.1300001144	4.590028466839538	3.15	4.350150577474464	4.5999999046	3.12	4.5599999428	3.579157877019526	4.7600002289	4.9899997711	4.19	4.1500000954	4.7699999809	5.1	5.131203759529509	4.6999998093	4.8400001526	4.9000000954	4.3600001335	4.353333206213842	5.3099999428	4.769959695997856	4.1500000954	5.0599999428	4.5599999428	4.236517022179277	5.11620140045817	4.9299998283	4.01268643874002	5.2199997902	4.531144262151658	4.15	4.778991403100451	4.6799998283	3.1800000668	4.461244753834172	4.6599998474	5.25	4.395085311863507	5.27	4.6500000954	4.749129958373728	5.22	4.62	5.6399998665	3.7875112870609975	5.0500001907	4.7351301639518955	4.0100002289	3.6600000858	4.508326448333567	4.438454653209946	5.3400001526	4.986411751664099	4.875801273038188	4.1300001144	4.1100001335	3.63	4.3800001144	4.4800000191	5.1300001144	4.7699999809	4.68	4.532483454791079	4.876152357444848	5.2199997902	4.404834950132976	4.4299998283	4.45	4.6900000572	3.6700000763	4.8100000000000005	4.6500000954	4.839701018923292	4.66	4.9200000763	2.93	4.7625060616731405	5.4699997902	4.09	3.8916549488434593	4.649760019513313	4.60750003575	5.1199998856	5.1100001335	4.88	4.763794763151137	4.64	4.7800002098	4.500318709577327	4.1100001335	5.2199997902	5.03	5.0300002098	4.9800000191	5.2399997711	4.498087797471205	5.5999999046	4.5100002289	4.5399999619	4.76	4.56283935984127	3.7300000191	4.449382261664445	4.9499998093	4.8200001717	4.7699999809	4.664333333333333	5.1100001335	4.028537231547039	4.3299999237	4.8800001144	4.3200001717	4.7399997711	4.9099998474	4.3099999428	4.5999999046	3.9200000763	4.8000001907000005	4.5399999619	3.615885557843522	4.6300001144	5.3099999428	4.38	3.7400000095	4.880009487359618	5.4499998093	4.384459162217011	4.176009325446202	5.0999999046	5.09	4.93	4.837889198642309	4.6700000763	4.823546656549943	4.1900000572	5.0100002289	4.2100000381000005	4.652682766828141	4.09	4.65	4.87852272386103	4.571517397237887	4.03	4.3699998856	4.4899997711	4.67	4.9200000763	4.4400000572	3.7699999809	4.8000001907000005	4.75	4.968925257821272	3.8499999046	4.433242583487515	5.013384266765166	3.76	4.4600000381000005	5.1399998665	5.3000001907	4.59	4.29	4.9899997711	4.37	4.6500000954	4.6851067480906945	4.4600000381000005	5.0199999809	3.7100000381	4.9200000763	4.897407724170805	4.2699999809	4.6599998474	4.899577340766223	4.61	4.3800001144	3.9700000286	5.0700001717	3.73	4.732688305088198	4.3499999046	3.7729233047755137	5.0	5.0700001717	4.5906772042354556	4.6300001144	4.423489042592938	4.2	4.1900000572	4.7199997902	4.44	4.6500000954	3.3599998951	4.49	4.5100002289	4.4600000381000005	3.5699999332	4.3800001144	5.2199997902	4.943307090300711	3.7200000286	5.0999999046	4.2199997902	4.96	4.3400001526	4.8	4.5399999619	4.692032662462976	3.69	4.8699998856	4.9000000954	4.26056344919694	4.5900001526	4.524683974992242	4.392747032010962	5.0599999428	4.6199998856	4.85	4.9299998283	4.5964305866624615	4.48	4.5	4.1300001144	3.4100000858	5.0700001717	4.447453939672047	4.5199999809	5.3600001335	4.60750003575	4.3600001335	4.60750003575	4.8499999046	3.9700000286	4.647304038309728	4.0799999237	4.39	4.841865259918366	4.4499998093	4.656073882304597	5.1999998093	4.4699997902	4.566032652465794	5.1799998283	5.0019654590328875	4.6393355877512015	4.02	4.628235234987055	4.8800001144	5.35	4.9200000763	4.614297449785576	3.6199998856	4.5100002289	4.6900000572	4.24	4.1	5.477018377098069	5.3200001717	3.9700000286	4.6300001144	5.6500000954	4.466138174975747	3.2100000381	4.03	4.4600000381000005	4.60750003575	4.04	2.9100000858	4.0100002289	4.78	4.9800000191	4.028969830706942	5.065944639504627	4.8000001907000005	4.6603791003972095	4.82	5.2899999619	4.5799999237	4.5100002289	5.2800002098	4.6999998093	4.196275035037604	4.7600002289	5.8000001907000005	4.643998545213331	4.6900000572	4.34	3.94	4.6799998283	4.3800001144	4.82	4.5799999237	5.2699999809	4.6199998856	4.421912351678423	5.49	3.4600000381	4.3899998665	4.4299998283	3.9900000095	4.61	4.5599999428	4.3400001526	4.404516529331797	3.2400000095	4.8800001144	4.4600000381000005	4.4499998093	4.8600001335	3.85	4.27	4.4699997902	3.7599999905	4.6	4.584883132765731	5.2399997711	5.29	5.1900000572	4.6700000763	5.1999998093	4.4400000572	4.0700001717	4.135303032213781	4.6999998093	4.35	4.5799999237	4.27	4.55	4.3200001717	4.3600001335	4.7600002289	5.2300000191	4.5799999237	4.79	5.1300001144	5.1700000763	4.5500001907000005	5.8000001907000005	4.617061446055493	4.79	4.87	4.1599998474	4.597335965317043	5.4299998283	3.8776024613900035	4.84	4.35	5.3899998665	4.69	5.0599999428	3.8099999428	3.1400001049	4.1500000954	5.3099999428	4.3699998856	5.31	4.35	3.8699998856	4.336553315295354	4.6399998665	3.8800001144	4.6700000763	4.9499998093	4.17	4.6300001144	4.8033346574060465	4.0799999237	4.5999999046	4.6100001335	4.29	4.665824295024962	4.7300000191	5.2199997902	4.492840376343121	4.136756813215342	4.8000001907000005	5.17	5.013148894433711	4.977049460325647	4.3200001717	4.6100001335	4.730280263913672	4.57	4.1199998856	4.8600001335	5.15	3.59	5.2800002098	4.303158187793216	4.5	4.768023933202722	4.8699998856	4.4099998474	5.28	4.6500000954	3.3069624402416498	4.67	4.7800002098	3.3699998856	5.1517547707572575	4.41	5.74	4.416720448049939	4.3099999428	4.8299999237	4.167896724519971	4.6399998665	5.0599999428	4.922431963779892	4.8499999046	4.15	4.9899997711	4.6399998665	5.3899998665	4.9600000381000005	4.9699997902	4.7800002098	4.46	4.4320123758302135	4.07	4.60750003575	4.7600002289	5.1700000763	5.4600000381000005	4.4099998474	4.2399997711	4.397188234569909	5.4899997711	4.6100001335	4.6517687021752625	4.4699997902	4.805589509156075	5.2300000191	4.5700001717	5.3099999428	4.485128181715974	3.9207606965330943	3.94	4.066420696815663	4.1700000763	5.0700001717	5.4000000954	5.4099998474	3.4600000381	4.7100000381000005	4.9400000572	4.77977335554148	3.5031007855461866	5.2399997711	4.634488857646797	4.917006191165812	4.409757602999587	3.42	4.4000000954	3.4700000286	4.8800001144	4.5900001526	4.692059897319522	5.35	4.32	4.6500000954	4.752474918095252	4.5760224919958405	4.49	4.3899998665	4.1615557027987	5.0700001717	4.8600001335	4.528263335185271	4.1599998474	4.67	4.6399998665	5.1500000954	5.25	4.5877637446369	4.9499998093	4.0999999046	4.5193742181596015	4.3099999428	4.7399997711	4.8899998665	4.1799998283	4.6700000763	4.004363369393533	4.3499999046	5.2899999619	5.129305170377433	5.19	4.8	4.8099999428	4.5799999237	4.4699997902	3.9900000095	5.135826046930559	5.27	4.9200000763	4.6300001144	5.65	3.88	4.403063370928017	4.3699998856	4.610067353429977	4.5207946066607185	4.371906953189562	4.43904109476275	4.290347676613635	4.545636273267155	4.720165752974512	4.533829549154671	4.973951231548736	4.717637079683787	4.892882622764678	4.7422394409630355	4.256798220788621	4.562409976171121	4.146189564400114	4.5634325474688	4.493615161317024	4.837051622404498	4.486074424044359	4.51302358413602	5.888463608157107	4.3170065846573324	4.5104692780391344	4.959915690903145	4.170607120435891	4.279023685967654	4.554338656514765	4.235333236019864	5.18654267986383	4.876349280567062	4.541681835874968	4.424472397823134	4.465263333983008	4.685951059014248	4.4896136646438585	5.341862907300538	4.6515995605808165	4.685724418237024	4.551141389134902	4.417518998036663	4.999494079923233	4.4225426484114365	4.531128833874964	4.495573375595517	4.766323360515303	4.626969087493271	4.921526311789699	4.807797104216072	5.1958708953628125	4.91459658590418	4.821573841594244	4.564684029747803	4.649794573690102	4.718030379256993	3.977235113735602	4.394996280380971	4.347833450761126	4.67531817468201	4.513268766178838	4.197518833548883	4.654895653969267	4.801024348897665	4.597897419439434	4.58551356616655	4.575953087528685	4.224481873015445	4.579134638110931	4.48371884812178	4.260762984192768	4.338056144853727	4.624986853847987	5.1960048298120665
Hematocrit [Volume Fraction] of Blood	43.4000015259	39.2999992371	44.0999984741	47.1	42.40203036436242	40.0999984741	45.0	38.9000015259	47.5	40.2000007629	40.632799115279916	40.0	37.1200650687432	41.6	43.2999992371	40.5	41.5	41.16723832883361	41.6	40.16785196874781	44.9000015259	42.12128563997045	41.346072468142445	42.72999887464	43.2000007629	40.5999984741	38.9000015259	44.5	41.5	45.714654550351156	37.30737062746353	41.38219456895351	39.7999992371	38.48845401324441	41.6	48.0	42.72999887464	43.17337661330362	45.7999992371	41.779838601920574	33.5	37.952019702612674	42.5	46.1	47.490864107414566	42.72999887464	40.671797306620064	43.3	45.2999992371	34.7000007629	42.73688507923884	28.4	41.5	44.5	36.2000007629	42.8	42.5999984741	43.5999984741	41.24423387008988	24.3999996185	44.7999992371	40.7	40.45983488581881	35.5999984741	40.2000007629	42.18166045828325	42.7	43.0	41.2999992371	41.0999984741	44.717855876232676	45.5999984741	43.49327902204004	39.52194194686222	41.0	45.0	36.4000015259	46.5999984741	36.70250951441013	42.2999992371	45.7999992371	37.1	43.4000015259	43.343526828008386	39.4000015259	40.5	40.7	42.6	42.769876657099395	41.7000007629	40.2000007629	42.227763978198084	37.164682421628505	42.9000015259	36.4	33.5999984741	41.94852524335132	43.4000015259	35.2000007629	44.3	41.8	34.2999992371	42.64561360998391	37.26764369785021	42.0	36.5999984741	41.6516125514024	44.5999984741	34.6	43.2000007629	43.0	40.0	43.148801649511086	39.7000007629	39.7999992371	38.2000007629	41.2999992371	43.3	39.0	45.0999984741	44.09112896346814	36.6	41.68389433322926	36.5999984741	40.63213010537631	43.2999992371	38.55868831610739	39.0999984741	38.7	42.4	45.9000015259	43.23233086146437	42.080156267374015	30.8	49.5	44.5	38.6	44.0	33.4000015259	42.2000007629	38.4	42.4000015259	39.5550724127437	37.6	44.7999992371	40.2000007629	41.667530015177945	35.7999992371	42.9000015259	43.0999984741	45.2999992371	43.0	42.5999984741	41.7999992371	36.035547068011994	47.1	39.15901685446102	40.5999984741	38.5	36.9000015259	37.23825629673547	38.5	51.7	38.60132446071675	47.5	40.2000007629	45.9000015259	34.5999984741	35.5999984741	49.0999984741	36.7999992371	37.9	34.7	34.5999984741	43.094781773226124	48.9000015259	40.3	42.9	45.5	43.0999984741	42.5999984741	41.9000015259	40.5999984741	36.532059875389834	47.5	42.7000007629	43.14570020827763	45.9000015259	40.78247762693427	39.99954590005609	45.7999992371	42.5	28.6	44.0	42.5999984741	32.489657386215356	41.5	28.2000007629	42.07275099283864	44.0999984741	40.0	37.7999992371	43.2000007629	47.23097527772525	46.3	42.0999984741	44.15276916250115	44.2999992371	35.504696968700436	39.6999092749475	47.2999992371	44.2999992371	37.4000015259	47.0999984741	44.4000015259	37.9000015259	47.0	41.80934555758291	31.305355971510224	47.5	40.0	41.9	43.4	42.59849125188741	29.8999996185	38.94260453971612	42.0999984741	44.113556575004765	38.0	44.6	39.7999992371	35.7999992371	45.1	42.3	47.357008397242616	36.9	44.0	44.0999984741	40.2999992371	33.4000015259	40.69150466911588	42.2000007629	46.4000015259	44.5999984741	43.7000007629	34.0	37.7000007629	33.5	41.7999992371	40.2999992371	46.3131015146523	41.95838674927646	42.7	37.9	42.9000015259	44.7000007629	38.59419148494916	43.2999992371	38.85672192567307	39.276618623434906	38.634580382256566	45.2	43.38851663553008	44.5999984741	39.93202910759688	40.5	25.3	44.01772723126035	48.0	39.1	34.4000015259	41.7000007629	41.265327928405874	47.5	43.7999992371	48.9	42.87321795181216	43.07499290367578	42.67880836863001	39.3	38.7999992371	45.2000007629	45.2	44.2999992371	46.9000015259	48.0999984741	43.0	51.0999984741	37.2999992371	43.5	39.9	42.2999992371	38.7999992371	40.5999984741	43.0	42.2999992371	42.7000007629	40.574999504115006	44.5999984741	36.2000007629	39.5999984741	40.5999984741	38.5999984741	39.5	39.7000007629	40.4000015259	42.2000007629	38.4000015259	45.4000015259	42.19787253745811	33.4	38.5999984741	46.74888022062096	39.1	40.5999984741	44.1	50.7999992371	35.9000015259	40.0	43.7000007629	46.6	44.9	45.0	43.60075278962328	45.7000007629	38.5999984741	42.5999984741	36.2000007629	40.0	42.3	44.6	45.2000007629	39.108700006677616	35.9	41.7000007629	40.12280830136448	41.68315206478504	43.2000007629	39.4000015259	36.0999984741	44.0999984741	45.0999984741	44.916375240721315	36.894710712853936	42.614523428691506	45.7000007629	31.1	43.0	44.9000015259	43.4000015259	41.2	39.43446335948576	43.93420401822628	39.35325103446181	42.2000007629	41.937739871264455	40.0	44.4000015259	33.5999984741	46.2000007629	41.5999984741	39.6858665875361	39.632622527999004	44.0	41.94752544521759	41.705573318771414	39.5999984741	42.32845616322724	34.8	42.60784558831643	40.5999984741	35.6	44.0	47.7999992371	39.6	41.5999984741	41.0	41.20176132644038	37.2000007629	43.2999992371	39.0	42.4000015259	30.0	41.1	45.2999992371	40.69458563577723	36.93154251189023	39.34103697412027	45.5999984741	46.5	37.66537308500478	46.5999984741	39.39631284151276	45.7	38.4000015259	42.768247168065166	42.9000015259	40.7	30.8	44.7000007629	43.5	41.8	44.2000007629	41.4000015259	40.7000007629	44.0	43.7000007629	43.4	47.2000007629	42.435887547142116	40.4	45.4000015259	41.0	30.0	46.2000007629	37.81725320001055	40.05849636628951	45.5	42.72999887464	37.0	42.72999887464	40.7999992371	37.7000007629	41.2	35.4000015259	43.0	44.24284841176801	42.63464289085504	44.2	45.5	37.08454729383727	45.35420296883529	47.5	45.7999992371	42.5999984741	34.2	45.104003697788876	41.7000007629	45.5	44.168264631652555	42.293992241933594	33.5999984741	38.4000015259	39.36405065398181	36.3	37.838954159854595	52.0	46.307006091086095	33.2999992371	43.4000015259	50.4000015259	42.9000015259	31.2999992371	38.18882156129701	37.4000015259	42.72999887464	35.3	27.8999996185	34.9000015259	44.0	45.0	26.6	46.70565983344471	42.500154555528624	41.83051818869947	44.0	45.5999984741	43.2000007629	40.182348096205	48.2999992371	44.0	36.91173355900165	41.4000015259	47.4000015259	41.5	42.9000015259	40.6	38.7	43.032297291519434	37.2999992371	43.20395819057574	44.4000015259	45.4000015259	38.7000007629	41.7999992371	47.0	30.3999996185	41.03946213205082	40.2000007629	38.7000007629	42.2	41.20391285185748	39.96633144930562	40.7000007629	33.62535712238704	45.0999984741	42.2999992371	41.2000007629	42.0999984741	34.73130430583966	37.8	41.0	36.5	40.1	42.5	47.5	47.5	43.57496030605295	41.78959395305789	47.0999984741	40.2999992371	38.7000007629	34.2999992371	43.0	42.70742999466601	43.5999984741	38.8	43.87455546037219	41.7999992371	41.5	43.0	47.7000007629	37.46818652387187	44.6	44.2999992371	40.7000007629	40.02496853721577	47.7000007629	42.72999887464	43.127611380267915	44.6	38.2999992371	41.5	46.2000007629	34.9	43.1	41.681259454677374	47.2000007629	40.9	45.9000015259	41.0	30.7999992371	37.81001224369711	43.66688370133285	41.88899829402259	45.209251866343855	41.9	33.4000015259	40.0999984741	42.9000015259	35.9000015259	36.9000015259	42.00958768777898	43.2	42.0	46.4000015259	36.7999992371	43.0	41.7000007629	39.5	43.15534960024406	41.34491796961922	45.2000007629	40.2999992371	37.04441556758832	41.398751553380336	47.4	46.4000015259	46.3	41.0999984741	41.93467680355228	47.5	41.9	39.9000015259	42.47713442030837	46.7	32.1	43.4000015259	42.7	37.9000015259	43.7000007629	44.0999984741	41.5	45.5	41.846723193062004	31.0	41.3	42.7000007629	33.845579011655175	44.68683416086608	38.7	51.0	36.2999992371	42.7000007629	42.4000015259	35.5999984741	42.8877891961708	41.32376369389133	43.1	42.90023734477296	37.6	48.9000015259	41.5	47.59980030717306	46.0	42.4000015259	47.76883472290409	40.2	38.7000007629	39.7	42.72999887464	44.2000007629	44.4000015259	45.7000007629	37.0	43.59282287047928	37.469530281775725	46.7999992371	42.151360765008526	41.0999984741	41.4000015259	47.0	46.22134048142503	38.5	46.71797378883229	39.9	31.1000003815	39.2	41.0999984741	37.5999984741	45.0999984741	48.0999984741	43.22956640299718	31.556837967978062	39.4000015259	43.018573981350514	45.7	30.411499272742937	45.591720524664076	43.2999992371	43.2999992371	40.870529697946424	29.9	39.0	36.13170765642603	44.5999984741	40.5	43.5999984741	51.7	42.24323336509204	43.5999984741	48.9000015259	43.5999984741	43.406139634421734	41.7999992371	40.70026139582105	45.4000015259	43.7999992371	39.0999984741	41.9000015259	43.1	40.786280941715724	44.9000015259	42.224355418383155	42.72999887464	40.7999992371	37.7000007629	41.2999992371	41.937745674566735	48.7999992371	43.588659620545016	38.2999992371	41.0	43.5	39.9000015259	45.26775123993467	44.7	42.9	40.935758750399	41.7999992371	37.2999992371	43.5999984741	36.2000007629	47.2000007629	47.0	40.0	41.2999992371	48.0	36.0	43.626733456681116	41.148459755525614	42.1	43.25295853641433	37.445934706750464	38.22774202750995	37.41277476791806	41.22075149206195	41.808516630838305	41.78702941509406	47.014751276879146	43.12661425556558	43.354438862058	43.211249094412196	40.181629269189656	40.70285840619541	39.036395815863344	44.23398200917025	41.00203578795594	43.48630162693814	41.8746227644033	41.14052937994211	51.29632441535962	36.48772890569134	41.50302509318003	44.90497259940906	37.86157269351576	39.08274137912733	41.60597340978006	39.92384762507977	47.52516384089756	42.97108275492802	42.41607259533432	38.84385763465328	39.37668359537801	41.02560625880841	40.919069952763586	45.816476553567426	41.874202024987795	39.21239106446279	40.196912950410564	41.34154941346665	42.6762272684327	41.21556451352274	41.656892985930334	41.8689690112642	44.28952104654042	41.855268425262075	42.84626845930132	44.72987614540136	46.196106418986716	42.94063341470117	43.31692931556184	40.62065652032379	42.10599296037073	42.45090460248623	39.55248844349807	39.64304486766498	42.38522921740304	41.23243151818219	39.795366033644235	38.77187738547655	41.69392048340456	44.19062077780377	40.545788052368266	42.006106130246	42.312984494135755	38.79461746245743	41.772668866471385	42.652988759511935	40.188971163839426	39.478427873467076	40.30043499516746	46.18789363776067
Erythrocyte mean corpuscular hemoglobin [Entitic mass]	29.1000003815	32.17168315551438	30.2660930762384	33.4	31.2999992371	30.8999996185	32.940154387249	32.2120547560953	29.406080153232526	31.011534623889304	31.364421599104137	30.2000007629	30.6	30.37558417391534	31.2000007629	31.26825926648537	30.020235237553113	30.7000007629	33.0	30.6	32.9000015259	31.7999992371	29.1944340578626	31.266666666666666	32.7999992371	29.6000003815	29.587792709485687	30.4	31.39471517769902	31.05009046039397	27.6000003815	35.2	31.3999996185	30.04582992226902	33.0	31.823233194627964	31.266666666666666	31.912951368416056	32.2028534079362	30.6	31.7	29.3999996185	30.6000003815	30.9	31.7000007629	31.266666666666666	32.6	32.3	31.2999992371	34.0	31.2000007629	24.9	29.0	32.1	39.7000007629	32.0	31.24550729806129	28.248873336032993	28.984372651094446	26.7999992371	29.7000007629	27.9	31.2000007629	33.2999992371	29.7999992371	32.5999984741	33.5	30.7000007629	29.7999992371	31.7000007629	30.51717916592343	28.7999992371	31.6000003815	31.6000003815	30.7999992371	30.2000007629	31.5	32.0999984741	30.2999992371	31.0	28.3999996185	30.826910528632066	27.8999996185	32.5	30.7000007629	31.1	33.0	31.333372138175967	31.3	33.0999984741	30.92835164410716	33.0	31.7	28.0	34.0	31.2999992371	27.9	33.4000015259	28.8999996185	30.310739647937037	32.3	32.0999984741	33.0	26.7999992371	32.5999984741	32.7000007629	29.4537515714454	32.0	31.3	29.2999992371	32.8	30.7	29.1000003815	29.8999996185	31.8999996185	27.6000003815	30.7000007629	32.2	29.7000007629	33.5	33.036337824701235	30.9	33.5	28.858575150813003	31.7000007629	31.0	30.8	31.746086197216524	32.0	29.1	34.5999984741	32.0999984741	29.8999996185	30.46350050383648	31.033036886812972	32.0	30.4	30.7999992371	27.8999996185	31.545185126377895	33.98243978821741	30.6000003815	31.5	29.6	33.62108121310639	32.56445913411825	29.3999996185	28.3999996185	30.795439479945497	36.9000015259	31.2000007629	31.2999992371	31.2000007629	33.2000007629	29.193368578099975	30.19549947388077	31.5	30.8999996185	33.2999992371	26.8999996185	29.2999992371	28.2999992371	29.84320921163819	29.5	32.7999992371	27.2999992371	31.074446149189857	33.5	30.5	31.5	31.7000007629	31.837732364897402	32.7	30.26953684621291	30.18242459547878	29.7999992371	29.816152156546796	30.98069827687522	33.0999984741	28.5	31.3999996185	30.08236253867487	29.6000003815	31.3	33.2999992371	31.2999992371	33.2999992371	32.5999984741	32.2000007629	30.086188830013928	31.0	28.7999992371	28.67236957009893	35.0999984741	32.4000015259	30.1	30.11299729710946	32.2000007629	30.7000007629	30.2999992371	31.7	30.44366830679833	29.3999996185	33.39826326665832	35.2	29.6000003815	30.618292632600983	31.0	27.2999992371	29.3999996185	31.57668335689253	29.2999992371	30.7999992371	32.170206954737395	33.7999992371	29.7999992371	33.1	28.7999992371	21.4	31.7999992371	31.128444512083867	34.2	29.621181573847487	31.3999996185	30.2000007629	30.797864110983202	31.223338481631366	29.93095909776634	30.417875386327527	30.6	29.7000007629	31.111171006679818	30.55581609887328	30.750900228570217	31.079762928230398	29.9	30.8999996185	29.6000003815	33.235097099206506	31.3999996185	30.1000003815	30.896945496525483	29.58049169441637	30.2000007629	33.5999984741	26.6000003815	31.217593536410927	32.2	33.7999992371	31.8999996185	31.6000003815	29.3999996185	31.0	30.8	32.0	30.28942340690719	31.2000007629	35.0	29.0	28.6000003815	35.7000007629	30.661051534109923	33.5	31.3999996185	29.48638628975809	27.3999996185	29.4	30.8999996185	30.2999992371	33.0	31.7000007629	32.06617982360444	31.266666666666666	33.2000007629	30.5	30.3	32.2999992371	33.4	31.85088896839919	32.1	31.6000003815	29.7000007629	31.8	30.7999992371	32.05176171984426	31.166325854575785	34.0	31.312639737666757	29.5	32.2000007629	29.2	29.7999992371	31.405813027148344	31.0	30.1000003815	30.5	28.5	28.99000043871	29.3999996185	30.10028482312437	30.8999996185	27.7000007629	30.483541953053233	28.992188564228417	27.2999992371	32.9000015259	32.7167700529298	32.07410709841287	32.2999992371	31.5	29.38555535842555	27.2000007629	30.58920999247199	30.29572911204316	30.670942935483456	32.4	32.651415598251894	30.2999992371	28.6000003815	28.985105243271086	31.867377920329172	30.4	33.9000015259	30.3999996185	32.5999984741	34.0999984741	29.1000003815	29.2000007629	30.6000003815	36.2	33.8	31.2000007629	27.7999992371	29.984194049439665	33.0	31.3999996185	33.0	30.7000007629	29.91427711893398	33.7000007629	31.0	32.5999984741	32.0999984741	32.27033714572706	30.6000003815	29.890417221592877	27.4	33.11759113417829	30.0	27.7000007629	30.1	31.0	29.7000007629	30.9	31.0	32.5999984741	29.6000003815	29.1000003815	30.2000007629	31.67921878043468	32.0	29.7000007629	30.0	31.2000007629	32.1	34.0	35.2999992371	28.7999992371	29.2	30.7999992371	32.5999984741	30.8	29.385217681090122	33.0999984741	34.4	30.5	32.2999992371	31.8759637856854	29.7999992371	30.542897426174857	30.4	31.3999996185	31.0	30.170565475228052	34.5999984741	30.7000007629	33.0999984741	30.190355522471144	30.1000003815	31.7999992371	33.5999984741	30.6000003815	32.0	33.40247201949005	29.82493559906737	31.5	31.7000007629	34.4	28.2	30.0	30.0	33.7	31.7999992371	30.5	29.0	30.0	33.5	29.9	31.3999996185	33.7999992371	30.1	36.4000015259	35.4000015259	29.432527712707852	30.7999992371	26.5	34.5	30.032623744860544	31.266666666666666	30.07496141784229	31.266666666666666	29.1000003815	32.5	30.411317081780542	27.7000007629	33.5	32.15370147817185	31.30835542653763	29.1	30.6000003815	27.7000007629	30.8999996185	30.8999996185	32.2999992371	26.6000003815	26.9	31.0	29.5	29.0	32.7000007629	31.35875152365461	29.7999992371	28.7999992371	32.682970467553645	28.395982826441653	31.0	32.5	30.769667095525413	27.5	31.2999992371	29.8999996185	33.5	35.2000007629	31.0	29.882444923139737	31.266666666666666	27.5	30.8999996185	30.703781128339482	31.4	29.8999996185	24.9	33.4000015259	30.2000007629	30.3	33.2	30.332368420117756	31.7000007629	30.3999996185	31.2999992371	31.5	32.7999992371	30.2999992371	28.1000003815	30.3999996185	31.6000003815	31.1	31.0	31.166503090272982	29.269690122067537	32.4	30.2999992371	31.014042207400102	29.7000007629	32.0	30.2	28.8999996185	28.2000007629	30.8999996185	33.5999984741	31.7	30.2999992371	29.792975756450584	31.7999992371	31.7999992371	32.826509918218214	33.4000015259	31.5	32.86043715041692	31.051778495323866	31.9	30.2000007629	32.10222400531129	29.603223366277202	29.7000007629	30.2999992371	29.9	29.5	29.6000003815	30.831962756339944	31.7999992371	32.4000015259	33.4000015259	30.3999996185	33.1	32.7999992371	30.9	29.764842205172858	33.7999992371	32.7999992371	31.933797375794764	30.6000003815	28.608041079750777	33.2	31.1659201777663	26.8999996185	29.0	29.0	31.266666666666666	31.3	32.4	30.7999992371	33.2999992371	29.7000007629	30.6	31.8	33.6	30.3999996185	28.8	31.0	31.36953381842373	32.5	32.62366307154201	30.1000003815	32.7000007629	29.0	32.0	28.8999996185	29.3999996185	32.2999992371	31.2000007629	28.53677894811525	28.8999996185	30.43368257729679	29.6000003815	32.4000015259	30.8999996185	31.7000007629	29.925389816606565	30.94371545395807	30.6000003815	29.6000003815	30.1000003815	31.3999996185	30.125011904601337	29.0	33.1	29.8999996185	35.3	31.0	32.2999992371	35.0999984741	32.2	32.7999992371	29.7999992371	30.7	29.530210102246908	29.2000007629	31.6	29.1000003815	29.8999996185	31.3999996185	32.2000007629	30.7	30.2999992371	31.0	30.305516426174204	32.2000007629	31.989227888738892	33.0	29.7	30.7	30.2000007629	34.7999992371	30.0	31.6000003815	32.0999984741	27.8999996185	26.1	29.8999996185	31.6	34.2999992371	30.3999996185	31.072378406873213	30.984353095184375	30.527578849520204	35.4000015259	32.3	31.5	32.9	31.805184341049554	31.8999996185	30.0	29.513836583278398	28.2999992371	32.7999992371	32.96007998440121	29.57102954440034	31.7000007629	30.016430500086532	32.7000007629	33.63919748240815	30.3999996185	28.2000007629	30.1000003815	30.6	26.0	33.0	30.5	30.2000007629	30.7999992371	30.7000007629	29.655670883142815	30.8999996185	29.291396069086083	31.0	32.0	26.1	31.8999996185	29.6000003815	26.2999992371	31.534948533749507	29.903637169530988	30.2000007629	29.70041504598627	32.5999984741	30.5	30.2000007629	33.3	33.6	31.664022581878186	30.182297307887445	31.2999992371	32.72177749648043	33.0	27.3999996185	30.2000007629	31.115194875183217	30.0	34.5999984741	32.3	31.5	30.8999996185	30.0	31.266666666666666	27.1000003815	30.70784567977718	27.8999996185	35.5	35.7000007629	30.2999992371	32.0999984741	30.319990330515353	35.2000007629	32.2000007629	29.2999992371	28.9	30.058670282564123	31.5	29.8999996185	27.1000003815	32.035286418700174	30.8960183207779	32.7000007629	30.9	28.0	31.442070771808286	29.9	31.7	31.7999992371	32.2999992371	30.4	31.889704020156287	27.21243214784214	29.883962315761895	29.89533174400439	31.12335365953716	30.74303911217592	30.19425485748914	30.436124331688738	30.65398440849288	32.38788765542506	31.18451723313593	29.933304159091495	30.73911603796227	29.359083850203028	31.657864281281196	33.52157273159386	32.0594916569758	31.97984698484772	30.762482920406466	32.671118472055205	28.97123772120887	31.014003485269484	31.501515184589795	30.39246965722697	29.281011413328173	29.716672892505837	31.108866972552196	31.606607795485367	29.566947959416204	29.74012877448179	28.695980160981755	31.77669503113227	29.57214627448196	30.21331800038305	29.264602450213815	31.074935504418832	30.3989615040005	30.625208491943564	30.363004795092774	31.721980226498008	31.499676399780302	32.55406729373619	30.437287043364968	31.676183875446625	30.930640066645203	27.767012328644945	30.086489746022412	31.428025160874753	29.762309385669706	30.326248078285065	31.379129961680306	30.0959181283049	30.64357245116317	29.741708673334124	30.2149698652207	31.62125754350278	29.166084728372663	30.23304093126213	30.054246709470068	31.603809923222652	30.47001192871084	30.763682183858098	30.506591903764264	30.9643699312311	29.959430565866963	31.220653348096064	30.28826560472414	32.02965876246912	31.889110749816442	33.302270940208686	32.76549090524469
Erythrocyte mean corpuscular volume [Entitic volume]	85.37940528268078	93.8000030518	87.0	100.3	88.0999984741	90.3000030518	97.8000030518	97.6999969482	87.0	90.19711550640388	93.5999984741	87.0	85.5	89.1	87.8000030518	93.3000030518	85.0	90.42721269143148	94.38571855330585	86.0	94.6999969482	94.9000015259	85.4	90.47769796535614	90.8000030518	85.0999984741	87.26178322817347	90.3	89.8000030518	90.9000015259	84.1999969482	98.8	91.0999984741	89.3000030518	92.7	92.8000030518	90.095	94.89820236850794	86.6999969482	87.8	94.9	90.1999969482	89.6999969482	92.6	93.68215703195787	90.095	95.3	94.5	89.9000015259	93.0	92.1999969482	76.8	87.1	89.10030184600078	116.0	89.5	91.5999984741	84.5	84.7	81.9000015259	87.0	85.5	93.3000030518	95.72199630579564	89.3000030518	98.0	93.4	91.0999984741	84.8000030518	89.6999969482	87.5999984741	86.4000015259	97.4000015259	93.4000015259	86.5	87.1999969482	92.4000015259	96.00685690363288	92.0999984741	88.6999969482	85.0	89.4	82.5	94.1999969482	87.11786083666466	88.6	92.82380245259127	89.4	91.2	93.3000030518	82.5	95.4000015259	89.8	79.5999984741	94.5	87.5	84.7	96.0	81.3000030518	88.50636562648468	97.9	92.5	90.5	83.0	95.9000015259	98.9000015259	85.0	90.5	89.6	93.0999984741	93.45062229196948	88.3	87.0	90.5999984741	94.8000030518	80.4000015259	88.78371972670767	89.0	85.48469272712123	98.0	100.1999969482	89.1	97.8000030518	90.8000030518	91.6999969482	89.5	91.4	93.8000030518	93.9	90.30262822012428	90.979478009477	90.73748782456764	91.3000030518	95.7	90.1999969482	93.6999969482	90.51382607980887	88.28212888347079	82.5	91.6999969482	108.8	88.9000015259	89.97513762578349	86.9	107.1999969482	95.9000015259	90.21121358247467	86.36671687493815	89.03381228918931	99.3556359841698	84.98786386131759	92.5237616477075	89.9000015259	97.0	89.06617449925739	87.1	92.6	87.0999984741	99.5	83.70781990200243	90.1999969482	85.0	88.90085073518019	84.85689065673236	92.8000030518	82.4000015259	89.8000030518	99.0999984741	86.8000030518	92.56452795222579	91.40438720564	92.25115069974618	96.1	88.3000030518	87.39469400167778	88.9000015259	88.7528042073454	85.0	94.1999969482	86.5	91.20322865966789	87.5	86.05273705877363	93.45485305153609	94.5999984741	91.14861197246019	98.9000015259	93.5	88.03643951279955	93.0	89.3000030518	87.4000015259	85.31834971446911	102.3000030518	92.5999984741	91.7	91.0	95.5999984741	93.15217229318061	88.4000015259	91.8697188700994	86.78243614438401	87.38231558130056	96.1	98.92814196539467	89.5999984741	88.61555700020217	90.4000015259	85.87178191631112	85.3000030518	89.0999984741	90.0	90.32078917161607	92.04998554914454	97.4000015259	91.8000030518	95.3	83.5999984741	70.1	92.23800598414982	95.0	100.9	88.38487477155479	92.0999984741	94.0	103.1	90.3000030518	86.9000015259	91.51336027064518	84.6	85.5999984741	91.0999984741	86.4	91.6	89.80289505747336	95.1	87.0999984741	83.6999969482	100.5	91.3000030518	89.1999969482	85.5999984741	86.9000015259	86.9000015259	95.8000030518	82.3000030518	91.6999969482	92.3	95.4000015259	90.0	87.52115043064433	84.9000015259	91.3	91.3	96.18765511693407	85.5999984741	91.31380894347006	97.6999969482	87.2	86.8000030518	106.3000030518	94.0	96.3000030518	94.0999984741	82.8	82.3000030518	86.3	89.89983298464169	87.8000030518	95.7	92.5	93.6999969482	90.095	92.8000030518	85.6999969482	100.2	96.5999984741	95.9	93.6999969482	91.5	95.22285020374717	86.5999984741	89.9	87.84387778199414	94.1999969482	91.8000030518	98.1999969482	91.3000030518	90.7813445024715	95.8000030518	87.75108265812862	90.8000030518	90.75595069068076	90.0	86.9000015259	87.8000030518	89.5	88.77881616500089	89.52591382220321	93.3000030518	91.73695260747097	83.1999969482	89.4000015259	83.3000030518	80.9000015259	93.6999969482	91.6999969482	98.0	94.09776746343701	89.85089758392837	86.5	83.4000015259	90.8000030518	89.3	91.01107257967084	92.3	94.39768756575013	87.8000030518	85.3000030518	85.6999969482	91.6	91.1	97.86837909014324	91.5999984741	95.50601179030167	92.0999984741	85.0	86.0	85.90276846510224	103.4	96.0	91.6999969482	80.5999984741	89.1	95.4000015259	92.6999969482	97.6	87.8000030518	88.6999969482	95.8000030518	91.9000015259	94.9000015259	90.0	94.5	91.35161653215772	87.12467902905627	82.7	96.4000015259	87.4000015259	81.9000015259	89.8	90.2	88.0	89.9424413875661	91.66070892247681	93.5	89.6999969482	88.4000015259	90.5999984741	93.9000015259	90.0	90.4000015259	86.6999969482	90.3000030518	92.2	99.5	99.6999969482	82.0999984741	93.3	90.0999984741	90.55067959614586	92.11124661229627	88.0	96.07360431783641	93.8	89.8000030518	94.5	94.0	90.19619694876764	91.6999969482	86.82510632234622	91.36662462334992	89.3000030518	88.14722770401124	100.4000015259	92.1999969482	92.3036093341451	88.0999984741	91.2235913652596	93.0	97.8000030518	90.28862711741628	92.1999969482	94.71379921394875	88.5	89.75349353602033	94.5	95.3	83.5	87.1992330362561	88.2623374585583	100.4	96.3000030518	85.4000015259	85.62945291786221	87.0	94.5999984741	89.5	95.6999969482	97.5	86.75844370051209	100.9000015259	99.3000030518	88.0	91.0999984741	84.10045033581164	95.55100806341297	86.38831488354234	90.095	84.9000015259	90.095	85.79503026807406	95.0	92.6	85.39709778006075	97.9	90.1999969482	92.5999984741	87.5	91.28731156531916	85.9000015259	86.5	91.6999969482	92.0	80.8000030518	85.1	93.09473353083087	85.5	82.3433505850179	91.34823986587934	90.4	92.8000030518	85.0999984741	94.97799072257212	85.6	88.01356392364421	91.57773381489447	87.8000030518	83.9000015259	93.6999969482	89.1999969482	93.3000030518	97.5	89.40577837962626	83.9000015259	93.82947428213778	87.4	95.9000015259	87.0	92.1	90.4000015259	77.1	94.29894368766898	87.80318883469347	89.81600164814242	91.3	86.1999969482	88.59457769114424	90.6661433509255	91.5	90.66213086052251	93.4000015259	86.53206326086018	81.6999969482	90.8000030518	91.5	93.6	89.21110775502102	94.1999969482	85.1999969482	93.2	96.9000015259	86.0999984741	87.57956857649978	94.00566776355649	85.6	87.9000015259	85.46519111493407	90.6999969482	97.0	91.6	88.8000030518	89.82932915773665	92.58109916543704	93.1999969482	92.4000015259	94.8000030518	92.5999984741	94.46152925935392	89.81210293929112	88.5	91.6999969482	97.0999984741	87.2	89.5	90.5999984741	89.8	85.9000015259	83.9000015259	90.5999984741	90.8000030518	95.0999984741	91.6999969482	89.53394647545305	95.9	95.1999969482	90.9	87.5	96.8000030518	95.1999969482	90.3000030518	89.41441897518145	81.0	93.1	86.4000015259	78.6999969482	82.5999984741	82.1999969482	90.095	92.1	96.95549305097381	92.0999984741	97.4000015259	85.0999984741	91.03176603087142	92.28342416257686	94.98091162986489	87.5999984741	87.2	90.6999969482	107.5999984741	93.3044089245392	94.1999969482	85.9000015259	92.9000015259	86.6	96.3	86.3000030518	87.57347048646935	92.5	92.5	79.0	83.5999984741	103.7	90.6999969482	89.4000015259	90.92107900518256	93.5	91.2221221318063	90.84780961819887	90.3000030518	86.6999969482	88.19823600922581	87.89827398531214	92.1	86.9000015259	91.7	85.0999984741	99.6	95.0999984741	91.3000030518	99.1999969482	91.7	96.8000030518	86.4000015259	90.7	89.5	82.1999969482	87.7	84.1999969482	89.4000015259	90.5999984741	87.90121324319233	86.2	87.3000030518	93.4000015259	90.22470332075329	89.3000030518	99.0999984741	92.98598320399013	87.7	88.9	88.5	99.0999984741	86.8427526268682	90.5999984741	93.0999984741	83.1999969482	79.8	89.0999984741	90.6	91.82049128373997	89.4000015259	90.5242288063397	92.6999969482	85.3000030518	97.6999969482	90.1	90.8000030518	97.5	92.0186642603279	92.9000015259	87.5433584380852	83.6999969482	83.9000015259	93.9000015259	104.3000030518	86.69699074716614	93.0999984741	86.0	90.46362907621102	98.0999984741	86.4000015259	84.6177173265393	88.5	91.48579476175115	80.1999969482	99.6	91.5	89.8565562881266	90.01589807709718	88.83138822501337	83.4000015259	91.5999984741	83.6999969482	90.6999969482	90.29218875286993	78.9	91.4000015259	85.5999984741	77.5999984741	93.1	87.4	89.36695280792142	87.93477836590417	91.4000015259	88.1999969482	86.1999969482	92.47419085790507	99.3	90.22145945894155	87.3000030518	92.8000030518	99.6	96.569328984501	87.52535398071926	89.5	90.0999984741	84.88622248876209	100.6999969482	92.3	93.58830896404228	87.1999969482	86.6999969482	90.095	82.4000015259	90.38515682311207	83.5999984741	104.1999969482	103.0	85.52366874200389	91.5999984741	87.8000030518	100.88768159983624	91.6999969482	87.3000030518	88.0	82.7	93.1	86.9000015259	81.4000015259	93.1372304855757	90.6999969482	93.24916796142139	89.1	81.3000030518	89.1999969482	85.0	91.42287645072253	95.84359742244472	93.8000030518	87.0	91.01739324967099	84.6901597506291	90.05354620550801	87.43870313974213	90.39062759198406	92.00438307386979	89.63412778984896	89.72508793407071	87.32144478452076	93.40396592347633	94.17127738549104	86.84554381449135	89.38956927412693	87.57656920462635	92.43359746021471	97.42361084082535	94.44036976651098	93.6278987744349	90.32041682079608	93.08850493015721	85.68839120795394	90.4306154993872	91.74434915975546	87.44142662002551	85.88020230481739	86.63087358072335	89.103289511465	94.4066034201165	86.10796853020828	87.43127811240821	88.77876965575348	87.95204357934794	87.94080289539022	86.99457969209914	84.47726066493571	92.3361874800047	89.27842498660262	87.29301529516857	86.96166063661995	92.57044396013458	90.10868655678449	93.30821350753266	91.83644680310464	90.36327426175697	90.70848697543887	81.40927088294623	90.61523375921563	89.41961155863996	87.38785176368889	89.55710507496079	88.61307713978614	88.75349741660435	88.9326564162266	89.28130254854237	88.56970093879276	91.19719131640959	87.70110641526122	88.51924394217413	87.65174586624042	90.77354647176436	89.25657481561625	90.79576612629144	91.29358888996627	87.51774354917458	90.49077837479919	92.85279448236444	88.12661461572795	92.5297789002365	93.45035082983156	93.99627226280192	95.2738566106251
Erythrocyte mean corpuscular hemoglobin concentration [Mass/volume]	34.216527271482995	35.4000015259	35.0999984741	34.69992807217858	33.86409079101911	34.666376580694255	34.2000007629	33.9000015259	34.0999984741	34.5999984741	33.7000007629	34.7999992371	35.8	34.9	35.5999984741	34.0999984741	34.7	34.2000007629	35.8	35.6	34.7000007629	34.365428627500755	34.9	34.21500073751834	36.0999984741	34.7000007629	35.2000007629	33.7	34.7000007629	34.5999984741	32.7000007629	34.163531100328484	34.4000015259	35.2999992371	35.6	34.7999992371	34.42660419687817	34.20444242486579	35.33295492258021	34.52133399642091	33.4	32.5999984741	34.0999984741	33.4	35.19421727311868	34.21500073751834	34.2	34.2	34.9000015259	36.5999984741	33.9000015259	33.618366181757416	33.3	34.44033316002072	34.2999992371	35.8	33.7999992371	35.2999992371	34.13541682830673	34.32098441193045	34.2000007629	33.748468770062445	33.5	34.5999984741	34.41253583078683	34.90766455652298	35.8	33.7000007629	34.37584811793083	34.700432168090074	34.9000015259	33.2999992371	32.5	33.7999992371	35.5999984741	33.92729805981827	34.0999984741	34.0999984741	32.9000015259	35.0	33.4000015259	32.8	33.9000015259	34.5	35.0	34.52767437036009	35.6	34.2	34.4	35.15473775779357	36.2999992371	34.5999984741	35.3	35.2000007629	36.0	35.7000007629	33.0	34.7999992371	35.5	33.9	33.0	34.7000007629	34.29723395642827	33.24013064171236	34.0	33.0999984741	38.4000015259	34.5059814419763	35.0	34.34821082292514	34.7	34.8	33.4000015259	33.78433227389816	33.7000007629	34.657855353408415	34.0999984741	36.2	33.0999984741	34.66074248876737	34.5	34.7	34.2999992371	33.5999984741	34.5999984741	34.5999984741	33.7	34.0	34.1	34.042842326049474	34.4000015259	34.34562328289377	32.7999992371	32.5	34.99382072173769	34.2000007629	33.2	33.5999984741	33.51621647678958	33.9000015259	34.4	34.4000015259	34.20101774894218	34.0	34.2000007629	34.32559776470786	34.9000015259	33.0	34.20413162922601	36.0	36.4000015259	33.28178074033043	34.7000007629	34.2000007629	33.80215974756055	34.2	33.42705895535773	35.5	33.5	33.0999984741	32.5	33.2000007629	34.0	34.32111993198697	35.4000015259	33.0999984741	35.0999984741	33.7999992371	33.88055347873285	34.0	36.0999984741	34.3	34.0	34.7000007629	34.7000007629	35.32960884977779	32.8	33.8	35.2000007629	33.901632897922816	33.2999992371	33.95445636844957	34.7000007629	33.6	35.2000007629	35.23397029932338	33.7000007629	34.9000015259	35.7999992371	34.5	34.7000007629	32.9000015259	33.10022107493397	34.2999992371	35.0	33.74414570258568	34.0	33.7000007629	34.0999984741	34.2000007629	33.3	34.7000007629	32.4000015259	34.9	33.2	33.0	37.9000015259	34.2999992371	32.9000015259	34.4000015259	35.2999992371	34.13570888481953	34.2000007629	35.01624897108273	33.36320339313938	32.5	34.7	34.5	30.5	34.9000015259	35.2999992371	33.9	33.9	34.0999984741	32.0999984741	34.94160776869346	33.7000007629	34.11540683427447	33.868496018925526	34.967494138615265	34.652331880378846	34.382192317092915	34.22517973219424	35.0	34.5999984741	31.4	35.5	35.4000015259	35.0	34.4000015259	33.7000007629	34.0999984741	32.7999992371	34.39396768531636	35.0	33.09058949111695	34.39175393802957	33.155280708256036	33.98086112305325	34.08857002297659	35.7000007629	34.5999984741	34.904392309034165	33.8	34.5	33.0999984741	34.12264236990933	35.7999992371	34.38494932045251	32.9000015259	33.7570434611641	32.1	34.7999992371	33.49527949877928	32.9	33.2999992371	34.0	33.7999992371	34.5999984741	34.5	34.2999992371	33.16109409448285	34.21500073751834	35.7999992371	35.5999984741	34.00394132731489	34.31141111438926	34.8	34.4000015259	35.1	33.96689390954885	34.2999992371	35.4	35.0	33.5	35.2999992371	34.5144327733604	34.5999984741	35.7000007629	33.5999984741	34.8	32.9000015259	33.7999992371	34.12679404656228	34.7000007629	34.7999992371	31.8999996185	34.15833333333333	33.5999984741	33.4000015259	34.33517138225797	33.2999992371	33.2000007629	33.4000015259	33.7999992371	35.0999984741	36.5	34.0999984741	34.00354677864293	35.09648910907011	33.5	32.5999984741	34.0	35.3	34.0	35.1	35.4000015259	34.5	33.5	34.359087814479565	34.1	33.4	35.391122720677956	33.2000007629	34.89791699551976	37.0	34.2999992371	34.0	34.0792232322141	35.0	35.2	34.0999984741	33.926672092602786	34.8	34.5	34.185781618207855	33.8	34.20813081790762	34.2999992371	35.2000007629	33.7999992371	34.4000015259	35.7000007629	33.7999992371	34.7999992371	34.266307211593805	33.1	34.982485082980446	34.2999992371	34.10900748938922	34.12066784045322	34.4	34.186694700403045	34.1	34.0999984741	35.044477746761245	33.0	32.9000015259	33.2999992371	34.4000015259	35.34466266473262	32.9000015259	34.7000007629	34.7090365679268	34.8	34.34977717728295	33.46717062969883	33.493344322978245	31.3	34.2000007629	35.0	34.6	34.29991461533428	34.64799904890899	34.13143395263796	33.9000015259	34.0999984741	36.0	33.5999984741	34.2000007629	34.48686991391787	34.4000015259	34.7000007629	32.6	34.4000015259	33.2999992371	35.2000007629	34.7000007629	34.35170821529423	34.2000007629	34.2999992371	34.60652428541072	34.7000007629	35.4	34.38214055006858	33.931075921400435	33.5999984741	34.47062291221611	33.8	32.7000007629	33.7999992371	33.5	33.0	35.375725022649455	34.5999984741	34.5	35.26645522340407	33.4	32.7999992371	34.7000007629	33.982330544476625	36.0999984741	35.06335809442233	32.7000007629	33.7999992371	33.99091830384952	35.0999984741	33.90109602714428	34.21500073751834	35.0999984741	34.21500073751834	34.26713880314546	34.2000007629	35.2	31.8999996185	34.2	35.0999984741	34.5	33.3	34.9000015259	34.13629633189154	35.7999992371	34.21444410271963	34.43181921107729	32.9000015259	31.6	34.2	34.5	34.0	34.2999992371	34.3	32.0999984741	34.57952074202354	33.2000007629	33.95309143365956	34.0	35.5999984741	34.59424121187284	32.7000007629	33.4000015259	33.5	35.9000015259	36.0999984741	33.5	34.7999992371	34.21500073751834	31.4	32.2999992371	36.0999984741	34.1	33.0999984741	33.14811524713255	34.0	34.74042926435373	34.4	34.54815090762921	33.2999992371	33.5999984741	33.2999992371	34.45803702093524	33.55772976043132	35.0	34.7999992371	34.4000015259	33.5	34.5	34.10872662574655	35.29361388925464	34.7000007629	34.264812702959524	34.7	33.82935735031038	34.7999992371	34.259035165173806	33.72113887711357	35.3	32.9000015259	32.7000007629	34.0999984741	34.5999984741	34.6	34.0999984741	33.7999992371	33.9000015259	32.6447262725478	35.0	35.2000007629	34.0	33.86162502554484	34.0	36.0	32.9000015259	33.4000015259	33.7	33.2000007629	34.927263153041544	33.89572318156907	34.2999992371	35.2000007629	34.2000007629	32.862465104532156	33.90761792800375	36.4000015259	34.40848944451058	34.5	34.4000015259	33.652700191797635	34.4	34.9000015259	34.5	35.0999984741	34.489658665139146	33.5096469764638	35.7	34.7999992371	33.77420248828742	35.0999984741	35.2000007629	34.11956564042847	35.46135143170254	35.5	33.4000015259	34.760254189041376	34.12347853089067	33.5	35.8	34.4	34.7000007629	33.0	34.592897442323945	33.38666293448619	33.390861689660696	34.55051176971431	35.0999984741	35.2000007629	34.72583429753755	33.2	33.5	34.9000015259	35.0	34.1292895951923	33.9000015259	34.5	34.2	32.5999984741	33.66838283172202	34.2000007629	34.0	33.2999992371	34.2	33.9000015259	34.680098801323275	34.7000007629	34.5	33.9	33.2999992371	36.1	34.39599839494307	34.75148826656287	32.5999984741	35.4000015259	35.4000015259	35.1	33.7999992371	34.5	34.1446569891203	33.6	34.04257336971545	36.1	34.5999984741	33.4000015259	34.7000007629	34.2000007629	35.6	33.50462911752758	33.2000007629	35.1	36.0999984741	34.0999984741	34.2	33.9	34.5	33.39316789719911	34.77844549051943	34.2000007629	34.26271923437419	35.224294777537466	35.334139342571156	32.7	33.5999984741	34.38816172627332	35.0	34.0	35.9000015259	33.7000007629	34.2000007629	36.2000007629	35.8	34.10680340190657	33.8	35.0999984741	34.4000015259	34.9000015259	36.5	33.7999992371	34.9000015259	35.4000015259	33.84926708480385	34.11060818889041	34.2999992371	35.2999992371	33.2000007629	33.77303735813648	33.5	34.06095292574319	35.8	32.5	33.1	33.2999992371	33.5	33.44611684099072	34.5	34.7999992371	33.7999992371	35.5	34.2000007629	34.3	33.1	34.9000015259	34.5999984741	33.9000015259	33.1	34.4	34.0999984741	33.2000007629	35.7000007629	34.5999984741	35.0999984741	34.4	33.8	34.9000015259	33.718867081697134	33.7000007629	36.5	34.7000007629	33.80847419333516	33.7000007629	34.5	34.7999992371	34.4000015259	34.04658526944904	34.9000015259	34.3216576883716	32.5	34.21500073751834	32.7999992371	33.7000007629	33.4000015259	34.0999984741	34.5999984741	35.2000007629	33.664514980654765	33.71956306388745	35.9000015259	35.0999984741	33.5	32.9	32.9	34.67452897909481	34.4000015259	33.2000007629	34.82822482782274	33.61523598846074	34.2999992371	34.7	34.5	33.90746947363322	35.2	34.2	36.0999984741	34.4000015259	34.9	34.73742534806524	34.10188513272303	35.282745612361715	34.21621498742964	34.67639544972496	34.676582870763035	34.31404107420768	35.03620776368782	34.725727399674184	34.392522450613676	34.24505606668696	33.46423833587183	33.16867309643558	34.05548077321387	33.6615385107127	33.60454310622416	34.19879626190477	33.799303065143455	35.05410468672789	34.131288475094586	33.86963191663374	34.37496244487173	34.942060127348896	34.442893856513166	34.69024930565106	34.83489625471053	34.589078530295225	35.21448101189818	34.76615622518105	33.85151917362448	34.287684916307406	33.74227292108195	34.01120820893976	34.30797002870592	34.00728421491225	34.137951388256695	34.1189955482588	33.68062342593631	34.43085004545838	34.05639471868895	35.07407586293397	34.37114050392137	33.16111886168483	36.228963942345885	34.66290342714032	34.995519299315944	34.42699919207421	34.511125161164905	33.91877236729169	34.634890530967546	33.776916997439294	33.93534853165682	34.98823821822552	34.45575782810331	34.10570199074101	34.25312379668098	33.77435228223018	34.68025487637134	33.74909711873966	34.50705241508413	34.234657696845595	35.01846313512533	34.58920900462971	34.64236004521729	33.88617128741516	34.32928335209009	33.87834654838026	34.07959622865741	33.10679188506371	33.97641719639374	35.44338199315282
Erythrocyte distribution width [Ratio]	13.6999998093	14.1999998093	13.1000003815	12.3	12.3999996185	13.0	12.6999998093	13.789228670600151	12.6000003815	13.424216703930282	13.1999998093	12.8000001907	12.917198135136056	12.5	12.427661752046696	13.866286408815986	16.5	13.307195074507586	13.60447524024365	13.957468750040526	13.1000003815	12.323652193959155	13.89269209855703	14.53390587150791	13.012863563803608	14.1999998093	13.3000001907	14.1	12.8999996185	13.8000001907	16.2000007629	13.0	13.3000001907	13.1999998093	13.4	13.1000003815	13.203333107653332	13.6000003815	13.402119666602927	14.0	16.3	14.6999998093	13.5	14.4	13.1999998093	13.203333107653332	12.871544897116596	13.4	13.741287545195151	13.3999996185	13.3000001907	15.2	12.930349647305242	14.3	13.8000001907	13.6	13.1000003815	13.270810285558342	13.8	16.6000003815	14.8000001907	13.003978947461027	13.6000003815	12.6000003815	15.0	13.3999996185	13.8	13.099875243238596	13.646213691822686	13.876661352272906	13.827600940684139	12.6000003815	13.6000003815	13.5	12.8999996185	12.639063766538497	13.438903105641776	14.8000001907	13.430049637285634	13.1999998093	13.3999996185	15.7	13.3000001907	12.6000003815	14.1000003815	12.9	12.8	14.3	16.0	13.0	13.6000003815	14.1000003815	13.756328200081366	13.1999998093	12.5	14.1999998093	14.5	13.1000003815	13.1999998093	13.2	14.9	13.17428507158089	12.992545492649143	13.179187380025603	15.3000001907	14.0	12.6999998093	14.124631386581548	13.2	14.0	13.126063259627037	13.008832989137279	14.1999998093	14.5	13.107095523042593	14.3000001907	13.1000003815	13.7	13.3000001907	13.3999996185	12.830728424359858	13.2	13.408841830834307	13.414015297003075	14.8999996185	15.0	16.4	13.321370466388919	13.2	15.1	13.3000001907	12.5	15.3000001907	14.2	13.1000003815	12.3999996185	13.5	15.3999996185	14.3000001907	13.8999996185	12.8	12.6000003815	13.6999998093	13.8	13.6999998093	14.0	12.8999996185	17.2000007629	12.8000001907	12.8000001907	12.6999998093	12.0	13.1000003815	14.4535873205801	19.8999996185	13.1	12.9	13.3999996185	14.3000001907	14.0	13.0	13.5	14.8	13.24356011652705	13.623275083506448	13.65379546008773	12.8999996185	13.81185906990583	13.6000003815	14.3000001907	14.452614797214018	13.5	13.298422281958429	13.800597717176917	12.8000001907	13.023990835169842	12.994285996733513	14.8	14.3999996185	13.5	14.3999996185	12.5	13.27177234219214	13.0	13.1999998093	12.3000001907	14.3999996185	13.8000001907	11.6999998093	13.3000001907	13.372871045283773	14.6000003815	13.0	15.0	13.6999998093	13.514898044925566	13.8000001907	13.17756305036434	13.6000003815	13.239676202217925	13.4	13.5	14.0	14.6	13.6	14.8000001907	12.5	13.5	14.8000001907	12.6999998093	12.5	14.8000001907	11.6999998093	13.192929505937663	12.8000001907	13.0	13.395588961603984	13.3999996185	18.2	13.6000003815	13.680482821574568	15.4	13.1	13.1999998093	15.5	14.9	12.6999998093	12.76454664559335	13.316774152232043	12.3	13.3999996185	13.534676590709653	13.897631324301459	13.3	13.3999996185	14.2	12.8000001907	13.3000001907	12.695361419081772	16.8999996185	13.990847947456158	12.6999998093	12.607512621748068	14.5	12.1999998093	15.3999996185	13.928240053344275	12.865316686985961	13.1000003815	13.446864600333608	12.8999996185	13.50666893921866	14.3	12.7	13.8999996185	13.649540871341294	12.8000001907	13.3000001907	13.8	13.6999998093	15.6999998093	12.5	12.3999996185	12.3000001907	12.994039713261786	13.6000003815	13.7	13.1999998093	12.6000003815	12.4	12.6000003815	12.3000001907	13.84305991019087	12.8999996185	12.6000003815	15.1	12.8999996185	13.582105122087812	12.6000003815	12.0	16.2000007629	13.1999998093	13.981988047734395	13.0	12.6999998093	13.3000001907	14.6000003815	13.8000001907	13.6999998093	13.0	14.6	13.601368733017129	14.8000001907	12.5	12.5	14.1999998093	13.5	13.034999837905	15.1000003815	14.8000001907	14.1999998093	13.8000001907	13.511907428385436	13.497430739635275	12.926880493026076	14.0	13.562013630466284	12.5	13.8000001907	13.1999998093	13.837427988537481	15.6999998093	14.5	13.0	14.196706219361444	12.4	16.901141365345726	13.710263669925174	14.8000001907	13.3999996185	13.0	14.7	12.8999996185	13.6000003815	13.1999998093	13.3000001907	14.3000001907	13.3000001907	12.8999996185	12.7	13.2	12.8999996185	13.873605523576956	14.689098633207422	12.8000001907	13.3999996185	12.5	12.6000003815	12.896918652175318	11.6999998093	13.1999998093	13.3999996185	13.1000003815	13.3000001907	12.6000003815	13.8999996185	13.661330009833856	13.3999996185	14.3999996185	12.8999996185	13.8	13.1	13.5	14.103385275673213	12.6000003815	12.6000003815	12.1999998093	15.6999998093	12.1000003815	13.5	12.8999996185	14.1999998093	13.0	13.1000003815	14.9	13.303956409022813	12.8999996185	13.1000003815	15.0	12.1999998093	12.8000001907	14.000521572560505	13.3999996185	12.8999996185	12.9	13.917130846549124	12.62962870096187	12.8	13.24276322618977	13.3000001907	13.9	13.3000001907	12.3000001907	12.9	13.3999996185	13.6000003815	13.065447291858488	12.8000001907	13.5	14.0	13.236964940240386	13.599776709933906	13.6999998093	13.380956123079699	12.0	13.6	13.0	13.6	14.7	12.6999998093	13.1000003815	15.0	14.1999998093	13.6000003815	13.59812510213978	13.3999996185	12.6000003815	13.6	12.8999996185	12.5	13.2	13.0	12.5	16.0	13.3999996185	13.060484673597927	12.8999996185	12.8999996185	13.203333107653332	13.5	13.203333107653332	14.0	14.8000001907	12.0	17.2000007629	12.970932194900662	14.0	13.6999998093	14.0	14.6000003815	15.1000003815	12.8999996185	12.852283461502122	12.988171911816352	13.0	13.240683971989714	13.95342695201066	15.0	15.3	13.932342350347803	13.325697230663142	14.6999998093	15.3000001907	16.0	15.8	13.2	12.846535460004532	13.8999996185	12.916335575511575	13.461921136594489	15.3999996185	14.1999998093	15.3999996185	13.4	12.0	12.790022293660343	17.7	14.896900722319092	13.6000003815	12.2	12.865762090581528	16.0	13.892424377199898	13.6999998093	13.676188560917772	13.401557836373838	13.1000003815	13.557750171006605	13.3999996185	13.601687558509907	13.0	12.5	15.0	13.71967424744667	12.3999996185	14.0	13.493432826217884	16.5	13.457861321282994	13.206467940412086	14.1	14.1999998093	13.0	12.8000001907	13.1000003815	12.4	13.168378871099542	13.5	13.6999998093	13.1999998093	14.4	12.1999998093	14.5	16.2999992371	13.6000003815	13.3000001907	13.908550143758443	13.310043034530876	12.824591514400002	14.6	12.3	14.0	13.8000001907	13.553924674935203	14.1000003815	12.8000001907	14.1	13.220614170464007	14.0	13.3000001907	12.6999998093	12.6999998093	13.8000001907	12.8000001907	13.1984903988325	12.5	13.4	13.8	12.6999998093	13.3000001907	13.6999998093	15.3000001907	13.926013413682071	12.50278855155054	13.6000003815	16.0	12.6999998093	13.6000003815	12.639652803966268	13.1	12.4	13.6000003815	13.007965259199258	12.5	13.8	12.922690016955675	13.203333107653332	13.609644702572055	13.943230084870951	13.734610794601894	14.00317075924928	13.826954919465386	14.3000001907	12.6000003815	13.1999998093	12.337896533863102	14.9	15.5	12.1999998093	12.6000003815	13.6000003815	14.8000001907	13.43093639334695	12.6	13.6000003815	13.0	14.8999996185	13.091724464629166	13.3000001907	14.4	14.1000003815	13.418589542748505	12.3000001907	12.6000003815	12.3	14.5	12.1	12.0	14.2	14.785688160841087	14.0	14.1000003815	13.3	13.8000001907	13.5	13.6	13.3	13.8000001907	12.3	13.1999998093	13.6000003815	13.3000001907	13.615662490399561	13.0	13.463757055032058	14.363099015132356	14.047334631706612	12.6000003815	14.8999996185	13.123755597368525	16.5	12.8	15.689022138940288	13.0	13.6999998093	12.5	13.1000003815	13.8999996185	13.781547428970518	12.5	13.976417633896334	13.0	13.6999998093	12.1000003815	12.3999996185	14.654547823828171	12.3000001907	13.0	13.1999998093	12.4	13.203333107653332	13.8000001907	12.6000003815	12.1999998093	14.1000003815	13.8999996185	15.6999998093	13.3999996185	14.5	13.357386807445936	13.5	14.3000001907	12.733572810446326	14.8000001907	13.3999996185	13.2	14.605070697578716	13.5	13.199206266573476	12.8999996185	13.3000001907	14.6999998093	13.1999998093	14.8000001907	12.967003513242606	12.3999996185	13.7895760904489	14.0	12.5	13.3999996185	14.8999996185	14.3	15.20217078794515	13.6000003815	12.6999998093	12.8000001907	13.386463452787329	13.592599692097917	12.42702744284916	14.149485525129645	12.1999998093	12.8000001907	14.1000003815	14.7	14.3000001907	13.6999998093	13.5	12.8999996185	12.62018606907275	12.5	13.203333107653332	13.1000003815	13.3999996185	14.3000001907	13.470732848363546	13.787443777482473	13.1999998093	13.533036135344883	13.961365369449384	14.5	14.3000001907	13.350355307138699	12.420827984706008	12.8999996185	13.1000003815	14.6000003815	15.1	15.5	13.224649883917573	13.824153381921885	13.676087802856374	14.3999996185	13.552139261633542	13.236751475649108	12.9	14.5	14.0	14.2	15.8	14.5	14.190799829722282	13.1	12.950893194572071	13.756824676286277	12.795785175572508	13.356990616407892	12.608259921212202	12.926048703072407	12.999053278026484	12.377242745996766	13.723991940027476	14.06824082602609	13.286340867060215	13.570710570732675	13.19857406963818	13.593785081055538	13.380054439314355	13.511009401671132	13.18403369775785	13.832392812492719	13.705934225915273	13.484700954808805	13.84048651273226	14.142850405018265	13.396022542836276	12.646328057060176	13.167823188499355	13.196101713977685	12.637541298359203	13.572135228559814	12.788915594352675	12.828508089958065	14.708115676928294	12.82446490477091	13.150716386473169	14.390414916503453	14.336526756174354	14.046814699932966	13.500480531044381	13.310879238166832	13.205197083649567	13.65074804891443	13.28882485592617	12.72752921834058	13.790921097073873	12.992848775675002	13.909831908621477	13.37347650791492	12.99916362008371	13.716935242323316	13.440338655806277	13.661695569128657	13.234723294058398	13.42468414441099	13.25232527971111	13.081540208010283	13.090858752374478	13.492892954058181	13.625710726788189	13.557487777594522	13.593657967005614	13.623529012106426	13.18291583813925	13.379971493613624	13.66316384753549	13.08697357701327	13.841964954430722	13.170766042691858	13.028782833083632	14.104139353292291	14.54188580908645	14.194442883083637	13.569268794123515
Platelet mean volume [Entitic volume] in Blood	10.3000001907	10.329713655809256	10.276599356817524	10.523333597173334	10.1999998093	10.0	11.12494138685595	10.6000003815	11.8999996185	9.6999998093	9.792013782485862	10.8000001907	9.6	10.6	9.5	9.8000001907	10.523333597173334	10.1000003815	10.523333597173334	10.523333597173334	10.502031916960332	10.6000003815	10.7	10.523333597173334	10.3999996185	11.8000001907	10.50639006802725	9.6	11.5	13.0	10.0	9.5	10.0	10.28197369700591	9.3	10.480327711147652	10.523333597173334	10.5	11.516144147787704	10.607655030006928	10.1	10.00234652564677	9.6000003815	10.836159555602544	11.6000003815	10.523333597173334	9.670000000000002	9.9	11.3000001907	8.5	10.3999996185	10.408061661890272	10.523333597173334	10.201891664905855	11.164958061517861	9.670000000000002	10.1999998093	11.5	10.523333597173334	9.3000001907	10.6000003815	11.5	9.8999996185	9.5	8.8999996185	11.246545628331738	10.8	11.1000003815	9.3000001907	9.8999996185	10.3999996185	10.0	10.634818260207904	12.0	10.3000001907	10.100961205515818	10.6000003815	11.304644947151605	9.6999998093	9.5	11.1000003815	10.523333597173334	10.8999996185	9.785825168962207	9.1000003815	10.841736797431716	10.8	10.523333597173334	10.523333597173334	10.079635794824469	13.3999996185	11.8000001907	10.0	11.1999998093	9.54102672242614	9.604615052635744	10.523333597173334	10.891336234023614	9.569964263927183	10.637489812663219	11.8	9.555494585339343	9.4	10.1000003815	10.699020628884114	12.0	10.1999998093	10.235553960623653	9.7	12.1999998093	12.0	10.977328996317974	10.380565198653407	12.5	10.52127591200856	11.3999996185	9.6000003815	10.523333597173334	13.3000001907	10.995551192093801	10.1000003815	10.1	10.0	10.1000003815	9.5	10.1999998093	10.523333597173334	9.0	10.273330319741714	11.56436143043141	10.131623609552959	10.5	9.873909106150865	9.8	12.1000003815	11.0	10.523333597173334	10.6000003815	8.8999996185	11.3999996185	9.79159073029523	10.8000001907	10.918512060467389	9.670000000000002	11.049881851243352	10.3999996185	10.465509011665548	9.719450118622404	9.8000001907	10.455286082576118	10.563293474306409	11.6000003815	9.6000003815	11.8999996185	8.8999996185	10.7	9.670000000000002	10.3999996185	11.1000003815	10.1999998093	9.6999998093	10.1999998093	10.523333597173334	10.001338826222728	10.8000001907	9.8999996185	11.5	10.0	10.170897389588802	9.689139813615437	10.1999998093	11.4	10.05936168811839	10.144898914668047	10.191550291416219	11.6000003815	10.523333597173334	9.5	11.3000001907	9.75143708567782	9.74752407987379	9.92847568952368	9.5	10.426457736882595	10.8000001907	12.1999998093	11.1999998093	10.6000003815	9.6000003815	11.6999998093	10.683460822080663	10.5	10.4	10.911944396493153	9.5	10.243866573034671	9.1000003815	12.3000001907	10.1999998093	11.1000003815	10.4	11.3999996185	11.5	10.523333597173334	10.523333597173334	11.8000001907	9.239867011617351	10.1000003815	8.8000001907	9.3000001907	11.8000001907	11.8999996185	9.6999998093	9.8000001907	9.6000003815	10.1999998093	10.523333597173334	10.8999996185	9.882718646014347	10.399340224801604	10.8000001907	10.534456514797077	10.509767318602231	9.5	9.1999998093	9.4	10.257617726754475	10.6999998093	10.6000003815	10.193989082893927	9.1000003815	9.8000001907	10.3	10.6	12.3000001907	10.491228496830221	9.8000001907	9.3000001907	9.8999996185	9.8000001907	10.3000001907	9.6999998093	9.8999996185	12.3000001907	11.330593661239314	9.0	9.8000001907	8.4	11.1999998093	10.6000003815	12.3999996185	9.3999996185	10.523333597173334	10.523333597173334	13.0	10.8999996185	10.422975840325407	11.3000001907	9.807437825055255	10.5	10.1000003815	10.881777189343586	12.1999998093	9.6000003815	10.8	9.6000003815	9.670000000000002	11.5	11.8999996185	9.977408915373045	9.3000001907	10.493400299026408	10.523333597173334	10.6000003815	10.3000001907	10.3	10.6999998093	10.523333597173334	10.6000003815	10.717213319947076	12.8000001907	9.3000001907	10.523333597173334	10.253495549558174	12.3000001907	10.576656229688238	10.8999996185	10.8000001907	10.6999998093	10.6000003815	9.670000000000002	9.839894257484234	10.6999998093	10.321757823464589	10.799521028714214	9.6999998093	11.8999996185	10.470820086940767	10.6000003815	9.315974985853677	10.1999998093	10.8000001907	10.1999998093	10.042060464932726	9.5	12.3000001907	12.1000003815	11.6000003815	10.8000001907	9.3999996185	9.531788002470124	9.3999996185	10.6999998093	10.741091328035038	10.1000003815	10.6	11.29353449360323	14.1000003815	11.6000003815	10.5	12.1	10.523333597173334	10.3000001907	11.08995084003077	10.1000003815	10.5	11.52222370735342	11.1000003815	11.5	10.663246561712844	10.588504981936254	10.427383404693893	9.71441343717684	9.98425094480702	10.3000001907	10.6999998093	10.5	10.5	10.040372057738965	9.8999996185	10.6000003815	9.1000003815	12.6999998093	10.3000001907	10.8000001907	10.406475897053387	10.3	10.053687194216424	11.6999998093	11.287248174088122	10.659363968459001	9.3	10.0	10.280300240757995	11.1000003815	10.413925042694412	10.3000001907	10.8000001907	9.8999996185	11.8999996185	11.8999996185	8.6999998093	10.5	12.1000003815	11.305018749167685	10.560093525069068	10.684137033218663	10.1999998093	11.0	10.1000003815	10.6000003815	10.4	10.6999998093	11.583365869907098	9.6	9.8000001907	11.6999998093	9.670000000000002	10.097792144024757	9.5	9.9	11.3000001907	9.513269369439742	9.8	10.6532785788755	10.8000001907	9.6000003815	10.440648539194019	10.3999996185	9.8000001907	9.1999998093	10.6999998093	10.6000003815	10.40050516448628	10.1000003815	12.2	10.078616974393272	11.0	9.5	10.1000003815	10.573848416525331	10.523333597173334	12.5	9.6000003815	9.5	9.6000003815	9.3999996185	10.1	11.6999998093	9.3000001907	9.670000000000002	10.5	11.1999998093	11.3999996185	11.0	10.6999998093	10.308353832409537	9.6000003815	10.376837987430687	10.3000001907	10.144095819079766	10.5	10.3999996185	9.83986645496634	9.3000001907	11.155636387926824	10.5	11.1000003815	10.0	10.8999996185	10.1999998093	12.3000001907	10.6999998093	9.3999996185	10.1999998093	10.507668551209106	9.8	10.331819923498982	11.381358221920344	9.8999996185	10.523333597173334	11.331055977393993	11.024579971245398	10.482272901545574	9.8	10.487427204663778	10.1999998093	11.1999998093	10.8000001907	10.0	11.3000001907	10.1999998093	10.0	10.492732201684449	10.5	10.523333597173334	10.3	10.3000001907	9.8000001907	12.4	10.211949452712984	10.3	12.1000003815	9.1999998093	10.523333597173334	10.0	9.8000001907	9.5	9.5	10.6000003815	10.5	10.27833721277525	10.8000001907	11.5	10.8000001907	10.48169048844307	10.523333597173334	10.946131223591895	10.8000001907	9.798490180439627	10.1	12.3999996185	11.1000003815	9.901643195805967	11.8999996185	10.523333597173334	9.5	9.958634158739054	10.1000003815	9.681507511795312	10.523333597173334	10.3999996185	9.6000003815	10.116907850311849	9.8999996185	11.1999998093	11.3999996185	10.6000003815	11.3999996185	9.8	10.097165282356016	9.6000003815	9.65228309370148	11.4	10.20250295149059	11.1000003815	13.5	9.67434183835713	11.5	9.8999996185	8.8999996185	9.6000003815	10.3999996185	11.0	10.744699825343348	10.6999998093	11.1	11.1	9.1999998093	10.5	10.1000003815	12.1000003815	9.99932626436627	12.4	11.3999996185	11.234816256691166	9.996218396784489	11.6999998093	10.523333597173334	9.4	10.407986268837924	12.1999998093	10.832049832799465	9.717119019346656	9.275335194351966	10.523333597173334	10.62042459171809	10.5	10.859327365392879	11.5	10.1999998093	9.6999998093	10.3000001907	10.39777214860748	11.5	10.6	9.3	9.0	10.3000001907	10.3000001907	9.6000003815	8.6999998093	10.332141028395688	9.670000000000002	10.8999996185	11.1000003815	9.8999996185	9.8999996185	10.69115596326521	10.523333597173334	9.6000003815	10.647885273398124	10.8000001907	9.0	10.3	9.733098885314579	11.148347248613264	11.1000003815	11.0	9.0	10.1999998093	10.1000003815	10.312320315505636	10.21668209376645	12.1000003815	10.523333597173334	10.523333597173334	9.1999998093	9.8	9.6999998093	10.1000003815	13.1000003815	10.37567117533154	11.3	13.3000001907	9.334271652659574	10.523333597173334	10.801560882430074	10.1000003815	10.1	10.386466751179817	10.523333597173334	10.068815622258832	11.276385219688828	11.1999998093	11.6999998093	9.862342350870051	10.6000003815	10.5	9.934775286159578	10.523333597173334	10.8999996185	11.0	9.8000001907	11.068326609011905	9.1999998093	10.3000001907	9.670000000000002	10.19242380113655	10.11647163448009	9.3999996185	10.1000003815	10.1000003815	8.6999998093	9.3999996185	9.5	9.769381171164968	11.5	12.5	11.144642137555277	9.746161983456362	10.5	8.5	10.21496270662418	11.3000001907	10.523333597173334	8.6999998093	10.523333597173334	10.104364545775	10.8000001907	10.3999996185	11.1000003815	11.0	11.5	11.6000003815	9.90815080066757	10.523333597173334	9.966800836301049	11.3000001907	10.23328079271682	10.0	10.6	10.523333597173334	9.3999996185	9.6000003815	10.1000003815	9.715421930958534	8.8000001907	10.523333597173334	11.3	9.8000001907	9.3000001907	10.878570480973705	9.3	10.680665520050809	10.521951662135422	11.1000003815	9.8000001907	8.8999996185	10.6000003815	10.2	9.6999998093	12.3000001907	9.0	10.523333597173334	10.1000003815	9.3000001907	9.3000001907	12.8999996185	10.1000003815	9.96859858115191	12.8999996185	12.6000003815	10.5	10.970613695299743	10.8999996185	14.6	10.789954267416975	11.1	10.8000001907	9.6000003815	11.0	10.8000001907	10.563768032079937	10.523333597173334	9.6999998093	10.6999998093	10.9	10.523333597173334	9.316938768647413	10.547123657564454	9.6	10.61583125404573	10.274026744445017	10.427832940201316	9.48736933812826	10.028531050478078	10.15668176360069	10.224377547020074	10.983076939933026	11.204755606946911	11.79968727542216	10.682730410217731	10.555660704382667	10.2938502234019	10.013714578034397	10.640877052994949	10.603415529022111	10.322021039547252	10.118853232206707	10.967506990884528	11.208313875318558	8.837531782082236	10.334580004277854	9.949183912687719	9.963881344962951	9.484249895620664	10.638856731966404	10.433040692241672	11.067366230608116	10.154565055781795	10.610339214167439	11.28031320480862	10.264836338456318	10.69905667286267	9.99998977996676	10.13049312513153	10.897699379271838	11.42826889970274	10.425388588220027	10.399964079259224	10.843503846033231	10.413338310272163	10.142261079858157	11.42941243428563	10.367363882279813	10.780868489679285	10.038749582230494	10.333282236645449	10.177330551790252	9.77013513005836	10.743236192995777	10.135834896656096	10.052698162197254	10.965393432126334	9.69808246512581	10.091729265969775	10.970231921337206	10.148721306959677	9.922540589571343	10.43980559805841	10.67031538025706	10.653498147842065	10.54068992796468	10.03044519709518	10.213627703476739	10.21689478302833	10.696034865421733	10.66769614192725	10.285000001078565	9.841277120680333	12.159834623867415	11.179192950679086
Granulocytes [#/volume] in Blood	4.8600001335	6.96243857631166	4.924056684989422	5.93	4.968857786763146	7.0700001717	8.4200000763	5.0900001526	3.0599999428	6.619886499907234	6.0100002289	5.816357694046365	3.09	5.1	4.3499999046	5.8099999428	8.543476397049695	2.9500000477	5.95	7.97	3.4800000191	4.0500001907	4.403514240647587	5.092500057225	4.781658931488918	4.6599998474	3.5099999905	4.98	4.2199997902	4.7600002289	5.841199021991746	2.17	4.7100000381000005	13.6599998474	5.97	3.9100000858	5.092500057225	6.0799999237	7.3899998665	4.47397688483064	4.72810708626301	2.7999999523	5.5500001907000005	5.052045292011391	5.2699999809	4.649500685477793	2.94	2.78	1.6599999666	3.2888593776010477	5.377582688499868	7.86	4.665552748266984	7.8	1.7999999523	4.3	4.540117439644543	6.1900000572	6.03	4.6100001335	6.1100001335	6.8	5.8400001526	7.4200000763	6.4000000954	6.5	5.2	5.1900000572	5.0500001907	4.6599998474	2.8099999428	7.0900001526	3.653771781294865	4.0300002098	4.0700001717	3.1099998951	5.660106069538991	6.6399998665	4.6599998474	8.470000267	5.594122825320075	4.17	4.4299998283	4.6900000572	2.3699998856	5.58	5.0700672964862745	4.72467547992068	9.05348412084342	8.2700004578	4.6100001335	5.0999999046	6.66	7.2199997902	4.274040207917911	6.032247232996511	8.79	6.2399997711	6.082772457067309	6.74	3.26	3.9500000477	4.439149795165762	2.9700000286	4.8299999237	5.727712821937319	4.385429135199618	5.0	4.96	3.738280741361212	6.9	4.118183684524171	5.0599999428	5.990643072639275	8.5500001907	3.5499999523	3.9400000572	6.45	4.372419599723691	5.9200000763	6.281855896237124	2.95	6.0807444219027635	3.4600000381	6.3000001907	3.6900000572	4.75	3.978762739066207	5.5	6.12	3.2799999714	8.6999998093	6.4899997711	6.2	4.910905106866612	4.1599998474	6.85	4.9200000763	7.7399997711	5.246652489538595	4.31	2.659548136424254	4.2699999809	3.74	6.8400001526	5.440636826786343	2.8599998951	4.2300000191	3.4600000381	5.2399997711	4.440663694860286	5.3699998856	6.054124451642897	4.9899997711	5.3000001907	3.63	8.08	4.8800001144	5.8499999046	4.3800001144	5.8499999046	8.3999996185	6.26	5.9000000954	8.1000003815	3.5	3.9705093412504375	5.2399997711	5.8800001144	4.843520598844704	5.134281046068078	5.3	4.208171432398874	4.6799998283	5.4699997902	8.838621380040895	4.31	5.19	5.675043097550148	5.1999998093	5.875530336998792	4.125568593013283	3.2683573216030704	6.032035936377092	4.954442749114925	7.7399997711	5.740085636520667	4.8600001335	4.4473102434153695	8.1899995804	3.25	6.5500001907000005	10.24	5.0	5.584629090819913	5.8100000000000005	4.25	6.197487211466754	5.247040979450693	3.140031412387834	2.81	6.8000001907000005	4.7899999619	5.13	6.065137404254661	4.1999998093	7.1500000954	4.8099999428	16.6700000763	5.3000001907	3.75	8.3500003815	5.539722684388045	5.7300000191	4.139541400190378	4.6500000954	7.47	7.0599999428	4.46	3.8499999046	6.4200000763	4.143849547124605	4.275403031838699	3.7699999809	6.286351709654582	7.78	8.220000267	4.3200001717	5.1700000763	6.719250567997376	2.5606937854268677	9.6099996567	7.328695475842797	4.8004397840768505	7.2600002289	8.47	6.0399999619	6.2699999809	5.3099999428	0.9100000262	4.460437405912701	4.6100001335	3.9523519707876487	4.113178284928839	6.7100000381000005	8.4899997711	7.9899997711	3.88	5.8600001335	5.053132867392942	4.10813701465586	3.6166288728262614	6.85	7.2	5.9099998474	10.1899995804	3.6500000954	3.2200000286	2.47	4.0100002289	2.2000000477	4.323871910401737	3.7300000191	8.8100004196	8.73	4.961029665941293	2.81	2.8299999237	11.6099996567	3.41	4.57612662523572	6.8499999046	5.478767160751829	7.812623122349694	6.939416147006957	4.13888761127007	4.9200000763	3.627844088930592	4.6399998665	7.75	5.40048572343226	13.7100000381	6.47	4.1799998283	6.7199997902	5.1599998474	3.2999999523	5.1399998665	8.1999998093	4.0599999428	6.93	4.9800000191	1.5599999428	4.0999999046	4.9000000954	8.6800003052	5.939730602347757	4.850000038724999	4.1300001144	4.471842579510697	10.5100002289	5.339500400296046	2.1900000572	3.7999999523	3.5299999714	3.8223202406609937	6.6100001335	2.6700000763	4.0399999619	6.966373092172886	4.075364044945749	3.0199999809	7.7300000191	4.85	7.9200000763	2.01	9.6599998474	4.8600001335	6.6399998665	6.6399998665	6.1793590350226335	6.517678240549937	6.705756909288109	3.815350856007096	4.5100002289	4.5599999428	8.4799995422	12.3599996567	4.7242810333814536	5.83	4.08	4.8699998856	4.121106490177919	4.57	4.234880424778447	5.674500537186391	7.22	6.4000000954	4.21245025439955	7.8699998856	3.7476927358819747	5.1399998665	4.950733014105955	4.1700000763	4.293997134347573	5.0199999809	7.37	9.8000001907	5.2600002289	5.8400001526	3.09	6.15	3.0299999714	5.710834375320367	8.3900003433	6.4400000572	5.039432886829769	5.3554258029369795	10.3299999237	10.1999998093	3.9900000095	4.0092229664723185	5.8600001335	3.9500000477	4.979907002797201	4.563495695598305	3.0499999523	7.1799998283	4.970520405763531	4.6399998665	5.3699998856	5.82	3.4900000095	5.444525751539941	5.41	5.172777483500853	3.8810229973734884	5.28	3.5799999237	9.5900001526	4.1	4.370630255117607	5.7800002098	4.86	7.9600000381	5.6199998856	4.9200000763	5.6999998093	4.635084011393549	3.3699998856	5.2399997711	4.281241050083043	4.807758187805947	5.71	2.25	2.87	6.91379977023189	7.43	14.14	6.3899998665	5.7399997711	4.375344500015549	7.2100000381	6.3200001717	5.247287393987187	5.5399999619	7.9600000381	8.8	2.9800000191	4.6599998474	3.69	4.4600000381000005	4.0	6.7699999809	5.3699998856	1.4500000477	5.6399998665	3.5599999428	5.092500057225	4.459220355712931	6.100960461612466	3.6540914754365144	3.7100000381	1.74	6.8800001144	5.0853221531020125	4.810167807122569	7.75	5.49	2.7400000095	5.0399999619	2.4900000095	4.667753885634148	2.6300001144	3.9900000095	5.402510976655563	11.36	3.5497125164221	7.15	4.3400001526	6.14	7.8899998665	11.7100000381	5.966382352195211	8.59	3.53	5.8299999237	4.990207712993879	3.7300000191	4.3400001526	5.607629100951088	4.1300001144	3.644851503070594	5.84	3.717458467562058	5.092500057225	9.45	12.220000267	4.972699222143327	3.947740101327368	3.4500000477	4.44	6.5799999237	3.9200000763	3.98	4.77	4.4299998283	6.622262081354556	2.7599999905	4.1300001144	5.3299999237	4.883327036043413	7.987483250002954	4.780002989147511	4.2600002289	7.9499998093	3.97	10.186340603582835	4.0700001717	5.8400001526	4.224815950486194	4.411304461611123	7.6300001144	5.479833511558149	4.0300002098	6.26	4.3699998856	3.3099999428	8.6999998093	7.485970331067259	5.63	4.3000001907	4.550738302184956	3.0899999142	5.308129267141536	5.8499999046	4.768174829566031	5.504733963937076	3.5	1.37	5.490562264325624	4.5199999809	4.6300001144	3.64	3.7005403373715255	4.042376112999525	6.8	4.0599999428	6.7600002289	6.9400000572	3.4700000286	5.007321168188236	5.1999998093	5.7600002289	5.553088471986397	4.0687507487706736	4.53	3.37	5.5155460931199745	6.1700000763	3.1199998856	6.0300002098	4.3166079672635185	2.03	6.2199997902	6.6399998665	6.3005811754576815	5.2399997711	5.092500057225	7.95	6.94	4.639133601435983	5.7199997902	2.9900000095	3.8562345263116837	4.02	5.092500057225	5.0500001907	6.38	5.803990885183225	6.195906676097333	6.6900000572	4.6999998093	3.6800000668	3.9800000191	5.52	3.81	3.7999999523	6.1999998093	6.101197450277462	5.389540912016535	6.4400000572	9.251540009105044	4.99	6.25	7.9400000572	6.4499998093	4.3000001907	5.4200000763	5.3	8.819448895583697	6.4899997711	5.8699998856	5.7199997902	2.29	5.8200001717	5.951541284792501	3.1995099706905874	6.1	8.4300003052	8.3000001907	5.0	1.72	4.8499999046	5.120973417406018	13.69	3.6	3.8699998856	5.6	4.6300001144	3.227837332840456	5.084037681738054	4.6900000572	5.36	4.989171521703481	9.029999733	6.9271402585293105	8.8999996185	9.3900003433	3.58	5.24	5.345328665381688	5.5599999428	3.6600000858	3.4900000095	4.9899997711	2.9400000572	5.0500001907	5.48	5.803453774151428	6.92	4.133743703729666	4.0300002098	5.566048603458759	5.1500000954	3.5496941883386315	6.2300000191	5.94	6.0	8.57	5.092500057225	8.8599996567	4.384880078184845	3.2100000381	7.203360971679434	7.1399998665	3.6600000858	4.3000001907	3.88880536344411	4.395793404571467	5.973802705888603	5.734333563896302	2.5948575948424977	3.1800000668	3.5099999905	4.72	6.2600002289	5.37	16.2600002289	4.62729091030261	4.068525313344008	5.551936290110619	3.5	4.1599998474	1.9400000572	3.9550145176561395	3.07	5.47	5.040694055344746	5.094956964751804	7.789999961899999	4.052107016172645	8.49	5.3400001526	8.2100000381	4.4299998283	2.2999999523	4.515055618309289	6.962990513453835	8.8	4.320472050918273	4.490033333268375	3.0099999905	6.72	7.3800001144	4.4000000954	7.078135126868066	3.9400000572	3.1800000668	5.318327732815433	5.16	6.3200001717	4.7399997711	7.0199999809	5.092500057225	4.855762973112579	5.3099999428	5.765365807514603	5.7899999619	9.3999996185	8.779999733	4.6100001335	4.1500000954	8.4600000381	5.68265511063067	2.673261470305383	4.93	5.4	9.1	6.1599998474	6.3499999046	4.2600002289	6.2699999809	5.771784416895903	10.0	4.0399999619	6.6900000572	7.4	5.111634080644722	9.4899997711	5.364502295344102	3.31	4.848734611304376	3.700023223587941	5.6018212258583056	6.845200633935527	4.023278773684551	4.072936359375423	4.529833421095311	6.014397643421116	5.007846856896586	5.58364635371224	6.726917598057026	7.017047886496278	5.3322524287734225	5.163802744685703	4.7436284201208965	5.8926551490591565	6.245637574122081	5.4800273801339126	4.487889209332288	6.419937844282809	5.040944102769213	5.239920748124103	6.956378264597815	4.452423516873404	3.6968234020440502	5.239640753920396	4.611445758484294	6.079981940901741	5.438578059353268	4.228253513455652	3.0418423708203655	5.149985857132975	4.442086477796994	7.3701952315817	4.4866085999573455	5.388875537129176	4.735841472029407	4.806288602798954	4.943690448033064	6.979607801245716	5.5340048132765824	4.576752529286179	4.892019391458261	7.0426747364618985	4.328781480303505	5.106876306548541	5.314111160841111	5.47202749898698	2.724042829342658	5.2205646882737335	5.580311812572673	5.7803969469615	6.097847240262966	5.912032155290633	4.5659296650829635	4.644115567267452	4.448532726582739	4.56461488692384	4.63946612523606	4.8522980489328	4.92298337933	5.267857100250397	4.867369886543614	5.346613954963659	5.445166907174144	4.833265970686463	2.8691617141213115	4.34370001658759	3.9884653646248327	4.721923910932483	5.5050110289203
Eosinophils [#/volume] in Blood	0.05760447360011575	0.1099999994	0.0099999998	0.1008333365083333	0.1299999952	0.3300000131	0.18300619673538832	0.1700000018	0.0599999987	0.16416250212614195	0.0099999998	0.4499999881	0.04	0.46	0.1400000006	0.0299999993	0.1231472804538656	0.0700000003	0.1	0.1008333365083333	0.11940349501778877	0.3300000131	0.12017865618397189	0.1008333365083333	0.2199999988	0.0799999982	0.0811354752674847	0.12933031597268344	0.2199999988	0.1400000006	0.1599999964	0.09	0.17988441211984663	0.1400000006	0.05	0.0900000036	0.1008333365083333	0.0700000003	0.1505103654079001	0.31	0.02	0.036826302511954956	0.12476708216516136	0.51	0.056826802449478755	0.1008333365083333	0.064166668055	0.07	0.2300000042	0.0299999993	0.11641489687978168	0.1008333365083333	0.1008333365083333	0.1008333365083333	0.0299999993	0.07826103012816972	0.0500000007	0.0399999991	0.15	0.1899999976	0.1599999964	0.10956834320901894	0.10602281234882655	0.11158113872600914	0.0700000003	0.2604825502757292	0.18558375243289488	0.4600000083	0.2199999988	0.1400000006	0.1899999976	0.1000000015	0.1400000006	0.08993303575074518	0.150000006	0.1199999973	0.0199999996	0.11991278249011557	0.11781341986624469	0.25	0.1400000006	0.18	0.1199999973	0.09839837551239117	0.1299999952	0.02	0.35	0.1008333365083333	0.41	0.150000006	0.13985631022601244	0.14740242802437203	0.07166165863215565	0.0099999998	0.18	0.2599999905	0.1008333365083333	0.17390177868404813	0.0299999993	0.32	0.19	0.07797232036321923	0.07	0.0599999987	0.10295832992605591	0.1099999994	0.0799999982	0.3000000119	0.22	0.1000000015	0.12	0.01	0.1899999976	0.0399999991	0.1894944962899214	0.0500000007	0.0199999996	0.10638956074487022	0.1400000006	0.400000006	0.0099999998	0.06	0.0799999982	0.1199999973	0.2399999946	0.0599999987	0.1008333365083333	0.10668012393158366	0.22	0.19	0.11129835170366649	0.1700000018	0.25	0.24	0.2099999934	0.06946228304462926	0.1008333365083333	0.1000000015	0.150000006	0.14291943763333367	0.1	0.0399999991	0.0399999991	0.064166668055	0.3300000131	0.1400000006	0.14140145186839548	0.2700000107	0.0299999993	0.0399999991	0.11166094528893157	0.0500000007	0.2399999946	0.1099999994	0.09139520086346362	0.14	0.20229295147511048	0.1199999973	0.0700000003	0.1000000015	0.1199999973	0.0599999987	0.1008333365083333	0.3100000024	0.1800000072	0.200000003	0.1199999973	0.0299999993	0.0599999987	0.1000000015	0.2399999946	0.13	0.20637965071371098	0.0	0.0399999991	0.3400000036	0.16	0.13101312718472516	0.0399999991	0.1400000006	0.1800000072	0.12667553208865534	0.0799999982	0.10778847014583359	0.0399999991	0.1199999973	0.1099999994	0.2399999946	0.13176181895763114	0.0099999998	0.2599999905	0.36215147446489526	0.17470692800918008	0.2399999946	0.06732125946625997	0.07855415801289466	0.3199999928	0.2800000012	0.15237952031081126	0.0399999991	0.06	0.2300000042	0.349999994	0.1008333365083333	0.07	0.4399999976	0.15923344577855833	0.1099999994	0.0	0.11577592459760529	0.2099999934	0.0399999991	0.2199999988	0.200000003	0.06811943452259939	0.0399999991	0.1008333365083333	0.0299999993	0.13	0.1400000006	0.0599999987	0.13505919647742787	0.13955634742108694	0.0799999982	0.1400000006	0.09	0.0099999998	0.2399999946	0.04738239435134796	0.1	0.154406734560022	0.3000000119	0.1	0.15	0.0399999991	0.18	0.1000000015	0.12594033404688704	0.011364226865033467	0.0500000007	0.11397946648727908	0.0599999987	0.0199999996	0.0399999991	0.1599999964	0.1800000072	0.2599999905	0.32	0.1400000006	0.4199999869	0.3799999952	0.1599999964	0.12978548318757208	0.06728078511204152	0.2399999946	0.0799999982	0.2099999934	0.0900000036	0.22	0.1099999994	0.4099999964	0.07	0.09467629768028347	0.0199999996	0.02	0.0599999987	0.10460368628833802	0.11672780713516846	0.0799999982	0.1008333365083333	0.07110099512926298	0.1618913252530863	0.12025756681238897	0.0700000003	0.0399999991	0.05	0.2599999905	0.37	0.2099999934	0.064166668055	0.0799999982	0.1199999973	0.33	0.1400000006	0.1599999964	0.1599999964	0.1299999952	0.1299999952	0.0799999982	0.07251142857329126	0.064166668055	0.3700000048	0.1899999976	0.1099335083314902	0.13058879618892782	0.4324872710328272	0.3600000143	0.15250155035199595	0.1599999964	0.1599999964	0.15793950348290928	0.0500000007	0.0299999993	0.14116399502850632	0.10116682339269052	0.0641908916613732	0.0900000036	0.0799999982	0.349999994	0.3199999928	0.35	0.09430385565465432	0.0199999996	0.02	0.3100000024	0.15	0.0700000003	0.0399999991	0.2899999917	0.0599999987	0.02	0.2	0.1894126653253686	0.19742807498546536	0.2399999946	0.0599999987	0.16744484025679937	0.0900000036	0.1099999994	0.12954986267145913	0.1008333365083333	0.200000003	0.400000006	0.1008333365083333	0.12529372409403247	0.16376937837574826	0.13	0.0900000036	0.10896518778947213	0.4499999881	0.0833453285012873	0.10129602945891132	0.08944598250037922	0.0700000003	0.150000006	0.13830455337255848	0.13	0.400000006	0.25	0.2700000107	0.09	0.01	0.150000006	0.16	0.3100000024	0.1899999976	0.11529277652741146	0.12633686200644131	0.0700000003	0.1899999976	0.1099999994	0.3600000143	0.2099999934	0.0299999993	0.06	0.0399999991	0.0299999993	0.1199999973	0.39	0.0700000003	0.0599999987	0.14	0.0399999991	0.200000003	0.17	0.0399999991	0.1099999994	0.064166668055	0.10856574804277552	0.8199999928	0.11057543172617847	0.0599999987	0.1000000015	0.32	0.2099999934	0.0500000007	0.0299999993	0.150000006	0.0599999987	0.2099999934	0.19918286530209847	0.0700000003	0.10314087145212336	0.2	0.1031083476617405	0.08467671453300457	0.1199999973	0.38	0.05	0.1299999952	0.1099999994	0.1008333365083333	0.20628408664620607	0.2599999905	0.0299999993	0.1000000015	0.1000000015	0.11	0.1000000015	0.10182325613892905	0.1088404579761807	0.2399999946	0.13905160373873712	0.1000000015	0.2599999905	0.1099999994	0.11512645415156858	0.1000000015	0.1008333365083333	0.0799999982	0.21803478746256563	0.0599999987	0.10451320374249316	0.35	0.2437345114468278	0.31	0.0500000007	0.1599999964	0.62	0.0399999991	0.10028282328209509	0.13559002057385636	0.0099999998	0.1000000015	0.1400000006	0.1008333365083333	0.02	0.0399999991	0.064166668055	0.10238921659811476	0.23	0.2199999988	0.1000000015	0.150000006	0.43	0.16	0.150000006	0.2045718737361608	0.0799999982	0.12820100420708902	0.0500000007	0.8600000143000001	0.028095030923297737	0.08347967764192045	0.0599999987	0.1008333365083333	0.12514914693772955	0.4600000083	0.11623154490914261	0.07	0.2399999946	0.2	0.1400000006	0.0599999987	0.12	0.02	0.3199999928	0.12417478054759912	0.0700000003	0.0700000003	0.1899999976	0.0399999991	0.1400000006	0.1700000018	0.1000000015	0.1199999973	0.12518305908463598	0.24400537091361846	0.1700000018	0.10236104937475407	0.03	0.2700000107	0.1199999973	0.0500000007	0.07091230174756534	0.08	0.2099999934	0.2099999934	0.0199999996	0.1400000006	0.1008333365083333	0.19398631180681727	0.0700000003	0.1099999994	0.2399999946	0.0700000003	0.15249973027130714	0.1000000015	0.07696353914537213	0.09	0.12652955631703683	0.0500000007	0.1400000006	0.11	0.3400000036	0.0399999991	0.12	0.2199999988	0.1099999994	0.15937186594983502	0.1400000006	0.095534315690224	0.1000000015	0.08411932016517717	0.31	0.0399999991	0.08410406876100227	0.05	0.109516211447439	0.2731501066940099	0.1400000006	0.1800000072	0.150000006	0.10225100673207502	0.11517118590448606	0.1000000015	0.0399999991	0.0599999987	0.1008333365083333	0.2	0.1008333365083333	0.0700000003	0.1199999973	0.2199999988	0.1	0.1008333365083333	0.1008333365083333	0.0799999982	0.3118468174267308	0.2300000042	0.051808474948411024	0.1881947483728737	0.10442578857547002	0.08728826102815654	0.04800283241589476	0.21	0.11	0.349999994	0.08734406885688625	0.0199999996	0.0700000003	0.1242420679646282	0.0	0.064166668055	0.2099999934	0.0199999996	0.2099999934	0.1000000015	0.14635729135731293	0.26	0.4499999881	0.150000006	0.2099999934	0.0199999996	0.08	0.1599999964	0.09415063717585143	0.0799999982	0.18	0.0	0.2599999905	0.0	0.04	0.1199999973	0.150000006	0.1	0.1008333365083333	0.1700000018	0.03	0.0900000036	0.1299999952	0.206328773944358	0.0900000036	0.08914549564216002	0.1599999964	0.1000000015	0.52	0.2099999934	0.0900000036	0.2	0.1008333365083333	0.51	0.0500000007	0.0599999987	0.1400000006	0.0740421360952657	0.1599999964	0.4199999869	0.21	0.3199999928	0.1008333365083333	0.0599999987	0.0700000003	0.349999994	0.14749925221349994	0.0399999991	0.0799999982	0.20691983766768005	0.0500000007	0.17	0.1008333365083333	0.0199999996	0.200000003	0.1400000006	0.1299999952	0.11167062274942821	0.0900000036	0.0399999991	0.0399999991	0.08723989424325745	0.04690210506453758	0.1599999964	0.080318465068949	0.1400000006	0.1352321716799125	0.38	0.18264701932787453	0.0796770306766816	0.18206069858607504	0.1700000018	0.1000000015	0.0700000003	0.11007928918605983	0.11661425256601238	0.0900000036	0.0900000036	0.1008333365083333	0.1008333365083333	0.09776242273467362	0.0700000003	0.3100000024	0.12369855716203626	0.1064126430269735	0.1400000006	0.2700000107	0.1400000006	0.07839495523873163	0.08713069966072087	0.1008333365083333	0.02	0.08086735147857299	0.0700000003	0.1400000006	0.06	0.07452154996515484	0.1899999976	0.1299999952	0.11334500807360287	0.1000000015	0.0799999982	0.04	0.1800000072	0.1400000006	0.1450894363149373	0.1008333365083333	0.05771693731771764	0.13374720127247602	0.06618881192989685	0.1199999973	0.0299999993	0.0299999993	0.349999994	0.0199999996	0.02818333860522887	0.0299999993	0.2300000042	0.21	0.25	0.04	0.2700000107	0.0799999982	0.2399999946	0.0599999987	0.08312789682347174	0.05995766267638371	0.2300000042	0.0500000007	0.35	0.17	0.150000006	0.2099999934	0.06	0.2780369575162174	0.13014395615803206	0.21523307031966143	0.12125800763230275	0.09434759914393806	0.07037010407035528	0.13000848709926724	0.1713610366617983	0.27483434045854865	0.16579492557125153	0.17519493019781032	0.04554492159042223	0.10062025547006892	0.15084002784324818	0.1010664855672869	0.10723426968192984	0.11055186044165433	0.14690314543898803	0.13164733767759357	0.06807543114391716	0.1577323280324416	0.13555754465783637	0.23768873172638944	0.10549282947334582	0.043368470983521076	0.17629259358994312	0.08193456677591356	0.38292732022685894	0.07518581358932173	-0.0033321082682449543	0.13585466150286848	0.06876103305553953	0.09215460452506422	0.14826911770573903	0.15493235231948718	0.10757061443794681	0.07948192213035792	0.1354578172305595	0.09518864227263996	0.21524323336298157	0.14133247004088015	0.1538919483751586	0.101392209053939	0.13404018553411232	0.11773239934626349	0.23470134412584376	0.12945426953737674	0.16285121990723733	0.1022228395087143	0.1766184846368653	0.0924288220364512	0.1809616981313789	0.1628137137635175	0.10654404447469212	0.08922424896909907	0.1631901413298565	0.11723425976129324	0.10168587039585032	0.05406519034427931	0.16469250893880413	0.10367577170859142	0.08558085607198346	0.261819708587771	0.10389569627287414	0.20627502471323217	0.12004500464119786	0.13310292177521454	0.19500419941240377	0.10418544559541862	0.08904310605834723	0.24296068392361067
Basophils [#/volume] in Blood	0.010129748197812902	0.0299999993	0.0099999998	0.02100000002	0.02342016404090009	0.0900000036	0.04045081948550176	0.0199999996	0.0399999991	0.03214223592912906	0.0599999987	0.0299999993	0.04	0.12	0.0199999996	0.04042171115248313	0.12	0.0399999991	0.04	0.02100000002	0.027115483116374385	0.03505381071093	0.01836817423833872	0.02100000002	0.0399999991	0.0199999996	0.0099999998	0.01	0.0500000007	0.0199999996	0.0299999993	0.02	0.05792262739832359	0.0399999991	0.02	0.028777381836968777	0.02100000002	0.026653561386142118	0.0700000003	0.05	0.027753723441296688	0.03053509968050455	0.0199999996	0.09	0.0399999991	0.02100000002	0.025762484582012517	0.01	0.0324759630685411	0.0199999996	0.0799999982	0.02100000002	0.02100000002	0.02100000002	0.0099999998	0.0175000007	0.0299999993	0.0299999993	0.02	0.0199999996	0.0399999991	0.02	0.0399999991	0.0299999993	0.0500000007	0.0299999993	0.03	0.0700000003	0.0399999991	0.031027748908337857	0.0599999987	0.0199999996	0.0399999991	0.01999914275458664	0.0399999991	0.0199999996	0.0299999993	0.0900000036	0.0199999996	0.0700000003	0.02460735628126502	0.023703253612798923	0.0299999993	0.0299999993	0.0599999987	0.03589319836185121	0.04917976170989752	0.02100000002	0.21	0.03828224583060636	0.0500000007	0.0399999991	0.05	0.0099999998	0.030103918961656345	0.0399999991	0.02100000002	0.0599999987	0.0500000007	0.02	0.05	0.0050481817029631865	0.02	0.0199999996	0.0500000007	0.0399999991	0.0199999996	0.05678809552541579	0.03	0.04149742641851234	0.04	0.02	0.0299999993	0.0199999996	0.04827377920308691	0.0099999998	0.0199999996	0.02100000002	0.0299999993	0.0500000007	0.0199999996	0.01	0.0299999993	0.0199999996	0.1199999973	0.0199999996	0.02100000002	0.0099999998	0.09	0.06221355792578102	0.0399999991	0.0500000007	0.0199999996	0.05	0.027752568368473576	0.0199999996	0.02100000002	0.0399999991	0.040977300113522346	0.0299999993	0.04	0.015921963289557885	0.0199999996	0.017965406603934895	0.0417070081232507	0.0199999996	0.037428299390039534	0.0500000007	0.023214771608900724	0.0199999996	0.05342017060387509	0.0299999993	0.0799999982	0.0199999996	0.0399999991	0.03	0.05	0.0500000007	0.0199999996	0.0099999998	0.0199999996	0.028654830317440774	0.02100000002	0.0700000003	0.023754312952592983	0.0399999991	0.0099999998	0.0099999998	0.0199999996	0.0419145627605347	0.0199999996	0.04	0.02100000002	0.0599999987	0.0299999993	0.07019769439979806	0.04	0.03	0.02886960415986923	0.04067936885159896	0.03774424061285604	0.0500000007	0.0199999996	0.01	0.0099999998	0.0199999996	0.0399999991	0.0299999993	0.0199999996	0.0199999996	0.04228348619221996	0.0299999993	0.01	0.0299999993	0.0099999998	0.02	0.0399999991	0.0500000007	0.03583337142187827	0.0099999998	0.01	0.0299999993	0.0399999991	0.02100000002	0.09	0.0799999982	0.0299999993	0.0399999991	0.028574505813619762	0.0199999996	0.0700000003	0.0199999996	0.0299999993	0.03170633996688133	0.0299999993	0.03387153464258068	0.02100000002	0.0299999993	0.08	0.0199999996	0.0399999991	0.02100000002	0.06	0.0299999993	0.0199999996	0.04	0.0199999996	0.027637600214980074	0.0199999996	0.03	0.0099999998	0.1000000015	0.04422971064023447	0.03	0.04108396511422213	0.05	0.04013637153570996	0.0399999991	0.0099999998	0.0099999998	0.0199999996	0.02349124938463968	0.0299999993	0.0099999998	0.040524242358079506	0.0299999993	0.0700000003	0.06867726009370664	0.0299999993	0.0399999991	0.05477491455000292	0.0399999991	0.036710062448347604	0.027937216432271657	0.0599999987	0.1199999973	0.0399999991	0.0199999996	0.04	0.030498044887438982	0.033053980997523935	0.05	0.0299999993	0.0199999996	0.01	0.0500000007	0.0	0.0599999987	0.0299999993	0.01942233750981773	0.0199999996	0.0299999993	0.02100000002	0.0799999982	0.0199999996	0.02	0.0500000007	0.04	0.0399999991	0.0175000007	0.06933532727208774	0.0500000007	0.06	0.0500000007	0.0399999991	0.0399999991	0.024444864420368882	0.028802116327422307	0.019968428059516895	0.0500000007	0.0175000007	0.0599999987	0.011236811528584877	0.0500000007	0.0399999991	0.0599999987	0.0399999991	0.0175000007	0.0500000007	0.0299999993	0.0599999987	0.0099999998	0.024547970317369865	0.0399999991	0.04351587848055826	0.0099999998	0.0299999993	0.0299999993	0.0500000007	0.06507667903853141	0.03	0.0399999991	0.0199999996	0.02	0.0599999987	0.04	0.0599999987	0.06483832720097601	0.0700000003	0.0700000003	0.01	0.03	0.05086782951570173	0.0199999996	0.0599999987	0.0399999991	0.0500000007	0.1299999952	0.0199999996	0.03435066759800388	0.02100000002	0.0199999996	0.0599999987	0.026461270922415257	0.0199999996	0.0299999993	0.05	0.036871024762380376	0.0199999996	0.0399999991	0.0399999991	0.0900000036	0.0299999993	0.0199999996	0.0299999993	0.03452799048014849	0.02	0.0599999987	0.0399999991	0.0399999991	0.02	0.025744549658177796	0.0500000007	0.02	0.0199999996	0.0500000007	0.0399999991	0.06262683217086404	0.0500000007	0.06917832271835311	0.0099999998	0.0299999993	0.0399999991	0.0199999996	0.03	0.0199999996	0.017533116332374834	0.0199999996	0.04	0.0399999991	0.0399999991	0.02	0.0099999998	0.0799999982	0.04	0.0099999998	0.0299999993	0.0175000007	0.0599999987	0.0399999991	0.02	0.04054616740416648	0.0199999996	0.04423612541966282	0.04747222623276239	0.0299999993	0.01638970234775828	0.0199999996	0.0500000007	0.1299999952	0.0599999987	0.0799999982	0.0399999991	0.03	0.0099999998	0.03	0.0700000003	0.07361436851548658	0.025313558132291997	0.0299999993	0.03521422660581477	0.02100000002	0.05220162852063805	0.1800000072	0.0399999991	0.0199999996	0.0500000007	0.02	0.0199999996	0.0299999993	0.0175000007	0.0500000007	0.033006800113459196	0.0199999996	0.0700000003	0.0299999993	0.0399999991	0.026417103611965993	0.029804592935074016	0.03549788855755006	0.04557834351142622	0.0199999996	0.0199999996	0.05	0.026184129548804405	0.03717312893825278	0.0399999991	0.040212241114267695	0.02	0.0799999982	0.0199999996	0.0199999996	0.0099999998	0.0299999993	0.0199999996	0.02100000002	0.08086455294065242	0.03682507363257129	0.0175000007	0.0599999987	0.039278339842970876	0.033181693715291415	0.038819262586253275	0.0599999987	0.11	0.04	0.06725292727749677	0.05939908927694204	0.0299999993	0.0599999987	0.0299999993	0.0900000036	0.004388401830396099	0.04	0.0199999996	0.03279485385231663	0.04092002229977972	0.005958214077172067	0.0199999996	0.04	0.017909698522778853	0.05	0.0299999993	0.0099999998	0.031837441443556276	0.03	0.1199999973	0.03656981836401473	0.022248228861574917	0.04354362654462727	0.0299999993	0.0199999996	0.0599999987	0.0799999982	0.0199999996	0.0500000007	0.02100000002	0.08	0.0299999993	0.0199999996	0.02	0.0199999996	0.04461290249304315	0.0299999993	0.0099999998	0.07	0.0399999991	0.0299999993	0.03519169948513126	0.0399999991	0.02100000002	0.0099999998	0.03108788951032742	0.0099999998	0.03669049022301116	0.0399999991	0.03586561388568203	0.0399999991	0.0500000007	0.02	0.02100000002	0.0399999991	0.013359971937798327	0.04	0.0399999991	0.0199999996	0.021017100467575694	0.0599999987	0.0199999996	0.03522352817823623	0.0399999991	0.0099999998	0.037047028894895584	0.04487059468786829	0.07	0.02948293929392079	0.04	0.01	0.0099999998	0.0700000003	0.0500000007	0.0199999996	0.0500000007	0.03	0.0299999993	0.0500000007	0.0299999993	0.04761704135420483	0.02100000002	0.04684429905804644	0.02100000002	0.0199999996	0.0199999996	0.0199999996	0.016134647474379014	0.02100000002	0.02100000002	0.0199999996	0.01900997082195287	0.0700000003	0.0399999991	0.0500000007	0.02784968125832706	0.0199999996	0.0099999998	0.04765720573987055	0.02	0.0299999993	0.03350362581150021	0.0392781641637915	0.020929491323450303	0.029938643261456233	0.034963426973773234	0.0175000007	0.03529626896039688	0.0399999991	0.037396539866166124	0.038399859840566604	0.0399999991	0.05	0.0700000003	0.05175776476079125	0.0199999996	0.030620902245214483	0.02	0.0199999996	0.03	0.0500000007	0.05	0.04967626947841147	0.0500000007	0.0199999996	0.017892645551099706	0.0299999993	0.0599999987	0.04	0.02100000002	0.0500000007	0.04	0.0399999991	0.0199999996	0.0399999991	0.0199999996	0.01	0.0299999993	0.040212062945707235	0.04655370293530085	0.0799999982	0.0500000007	0.035044949936773394	0.024744083047938722	0.03	0.0299999993	0.0099999998	0.0199999996	0.0399999991	0.0299999993	0.0489598426723937	0.08	0.0299999993	0.03099204976108562	0.0500000007	0.04248302146615385	0.0700000003	0.0555686145898841	0.011019066076393514	0.02881981653818337	0.05	0.0099999998	0.02	0.02100000002	0.0199999996	0.04193408804325642	0.0199999996	0.0700000003	0.0199999996	0.0599999987	0.036605234610888035	0.0299999993	0.0599999987	0.0299999993	0.0599999987	0.0099999998	0.0399999991	0.0399999991	0.054444458457335636	0.0199999996	0.02100000002	0.0399999991	0.023450309734579136	0.0199999996	0.0199999996	0.04125621926085325	0.0700000003	0.02837391148584744	0.0199999996	0.02100000002	0.02100000002	0.0299999993	0.0099999998	0.058254298308960006	0.02	0.01	0.0199999996	0.0599999987	0.03787529087940582	0.018589521469333185	0.0299999993	0.04273678257262102	0.09	0.0199999996	0.0299999993	0.0500000007	0.02	0.0299999993	0.0199999996	0.0299999993	0.0599999987	0.0299999993	0.04015724819673458	0.03	0.0199999996	0.0199999996	0.0399999991	0.02100000002	0.04794356066850024	0.027177167134636207	0.0199999996	0.0399999991	0.04968421131532211	0.0900000036	0.0299999993	0.0099999998	0.0099999998	0.0599999987	0.029139729746332804	0.04545681690565321	0.05	0.03	0.0656556806286684	0.0799999982	0.0500000007	0.0299999993	0.0900000036	0.02100000002	0.0399999991	0.0199999996	0.06594599651822908	0.06	0.0700000003	0.0299999993	0.026343709545083655	0.03476096916644638	0.03042703849264235	0.04603226152584662	0.013215491104672922	0.017883180212965488	0.02484496130449513	0.027348344090509576	0.05010706896632791	0.03605191881040464	0.04685748495402407	0.04033646123037391	0.02894133034142509	0.025039316532018477	0.022487587831591847	0.034107126112139466	0.033105973499598734	0.04284140201332125	0.021322961475130166	0.034781048514272286	0.06046304506235492	0.013863376003167515	0.03363275818773747	0.026997624435816145	0.04125376081921958	0.014997839595908433	0.041016633045905915	0.01485518810225411	0.07354229595433415	0.014282027311392605	0.03968854539242869	0.01897224602974976	0.018069164007528223	0.02387698965242694	0.028900544321740034	0.03491339894899981	0.02641089296178655	0.03148405672859918	0.03726452603132379	0.028314552549518347	0.05181183980795599	0.026493884659626446	0.0255430363931595	0.02872150305539552	0.03641879792678089	0.037038527391773324	0.05504805797759239	0.02855825442264976	0.040050444857571685	0.03084620901463645	0.04298844335270478	0.029117103406031797	0.03703321434128771	0.048543747602916305	0.018780993282309182	0.029703771578656675	0.03489074558113274	0.037168385600409595	0.031173439580670228	0.017238965373440877	0.02962324507934197	0.03164113454126284	0.03707322785267842	0.03854386075658155	0.03457061295182202	0.03773991975854545	0.026696177456549994	0.05146230225365174	0.026941175230348717	0.029886970822663696	0.1067526737987732	0.06070946249462343
Lymphocytes [#/volume] in Blood	1.2599999905	1.9309772146238458	1.4500000477	2.24	1.9800000191	2.5299999714	2.0899999142	1.8347766311192117	1.6900000572	1.0499999523	1.5199999809	1.6599999666	1.59	2.06	1.700796747727788	1.7000000477	1.02	1.6499999762000002	2.1	1.5	2.0799999237	3.1700000763	1.5479803227500388	1.5863987136891855	2.2899999619	2.2599999905	1.0099999905	1.35	1.675618875678932	1.9393132277999006	2.3499999046	2.84	1.5299999714	0.9599999785	1.58	1.9625006859378322	1.6802380395268277	2.3699998856	2.6800000668	1.23	1.6	0.9900000095	1.6000000238	0.84	1.623656706628022	1.437381126153033	2.067668416855147	1.1394662519394996	1.5399999619	1.0099999905	1.5299999714	1.8	1.78188198037554	1.5	0.4699999988	2.8	1.8600000143	1.6506611325188218	1.7364362256126376	2.1600000858	1.7579368775347997	1.18	1.6699999571	0.8000000119	1.5299999714	2.9800000191	2.23	1.9700000286	2.3499999046	2.4400000572	1.4752494320260154	1.9099999666	1.0299999714	2.4600000381	1.6599999666	1.6100000143000002	1.7300000191	1.5399999619	0.4399999976	2.9245327533085423	2.0899999142	1.3	2.8499999046	1.4900000095	1.5299999714	1.02	1.7941395614879105	2.6	1.97	1.9887678189568154	1.7000000477	2.1099998951	1.07	1.8118070319511825	0.65	1.7756911179448072	2.07	1.7599999905	1.2799999714	2.24	1.5802072462694223	0.6700000167	1.56	0.6200000048000001	1.751575916388202	2.8099999428	1.0199999809	3.7200000286	1.4498825807636253	1.7916065450151535	2.3013201752916808	1.74090934994844	1.6638876059837764	1.8604492583574423	1.4900000095	1.3799999952	1.3909091405971754	1.3	1.5599999428	1.5499999523	1.4024416834955349	1.59	3.4500000477	1.3400000334	2.7699999809	1.8899999857	2.035470668326779	1.780876188531997	2.55	2.140357548816317	1.9754850089133245	2.0799999237	2.3933780165502085	1.83	1.6200000048	1.5	1.8	2.1800000668	1.7036514344481997	1.7000000477	1.5278987330982308	1.4299999475	1.4400000572	1.1300333016924964	2.368152239049947	2.5999999046	1.8500000238	1.3500000238	1.6122019507992709	1.7899999619	2.0799999237	1.8200000525	1.6299999952	5.6799998283	1.6699999571	2.73	1.5329073259652162	1.741850829038066	1.9527180810705718	0.8999999762	0.9399999976	1.3700000048	2.1	2.2699999809	0.7699999809	1.7300000191	1.8099999428	1.1071954981748218	1.8200000525	1.2699999809	1.1200000048	2.0	0.7000000000000001	2.7000000477	1.739785377127689	2.7100000381	1.93	1.94	1.6200000048	1.1699999571	1.6102566351906493	1.7530231759872976	2.1199998856	0.75	1.3099999428	1.6399999857	2.1047103948306463	1.5399999619	1.0499999523	1.1699999571	2.5499999523	2.4900000095	0.58	0.9399999976	1.3700000048	1.91	2.2200000286	1.4437072399314634	2.25	1.6499999762000002	1.57	1.8700000048	2.046159072450592	1.9	1.67	2.0648005558936036	1.0976457705251614	1.75	1.5	1.75	2.826294150516138	1.5800000429	1.1000000238	4.0	1.9199999571	1.6833335215612726	2.1126446952903324	1.9916605764269493	1.1821555169615374	1.9299999475	2.7300000191	1.6	1.6505809835720378	1.75	1.3491961439539832	1.84	1.6599999666	1.6799999475	2.1500000954	1.98	1.6599999666	3.0999999046	3.47	1.925539253781921	3.2899999619	2.101607256055029	2.3599998951	1.2899999619	1.1200000048	0.9499999881	1.4406834176377241	1.1900000572	1.6348088324238925	1.5700000525000002	2.0	1.1391970753800589	2.4900000095	1.57	2.8499999046	1.7400000095	1.7599999905	1.4199999571	2.3	1.33	3.5699999332	1.826663108709078	1.7388180529066726	1.8500000238	1.5792885728462966	1.6000000238	1.641481658155935	1.72	1.5914258724595445	1.9257764385214196	0.87	1.7899999619	0.27	1.8200000525	1.2899999619	1.5	1.4400000572	1.5759219105287416	1.5909999693	2.4784066790178882	1.2300000191	1.3	2.6500000954000003	2.03	2.5199999809	3.2	3.4900000095	4.1900000572	1.7243655619111846	2.2699999809	2.4846681315687205	1.7899999619	1.3400000334	1.0599999428	1.7599999905	2.2300000191	2.0	1.9800000191	1.3600000143	2.7999999523	1.7699999809	2.4800000191	1.5	1.4726666526783334	1.8799999952	1.4385706604250605	2.0299999714	1.4800000191	1.075626647843622	1.2000000477	2.0	0.5899999738	1.543212583276034	2.0299999714	2.9900000095	0.9200000167	1.29	1.2602284898659042	2.2300000191	2.01	1.9573545911639547	1.9125971638806822	1.9700000286	1.0199999809	2.0332901523426794	1.0499999523	1.26	3.16	2.9200000763	1.6299999952	2.0199999809	1.8342116197636826	1.7200000286	1.8899999857	2.2999999523	2.45	2.2	2.7300000191	1.5499999523	0.8	1.0900000334	2.1800000668	1.73	3.3299999237	1.4900000095	3.0799999237	1.3600000143	1.1100000143	1.6543835864653613	0.9499999881	1.7000000477	1.8294209439455467	1.0736421289458127	2.2699999809	1.5599999428	1.4700000286	0.88	1.33	1.7899999619	2.51	1.9763122467143097	1.2599999905	1.5199999809	1.0099999905	1.3600000143	2.6900000572	1.2799999714	1.4099999666	1.5857070321503697	1.8400000334	2.392786617993117	2.3155899402402556	1.833020011589258	1.5199999809	1.46	1.6428724166194777	1.8999999762	1.42	2.3199999332	3.2599999905	2.18	1.1000000238	1.5800000429	3.3	2.7599999905	2.6082045297555974	1.71	1.9800000191	1.2400000095	2.71	2.6600000858	2.1199998856	1.4400000572	1.75318994968345	1.5700000525000002	2.3800001144	1.9120654704810507	2.0139384795364257	0.9200000167	2.89	1.2200000286	1.94	1.6599999666	2.68	0.98	1.7106313719718624	2.3800001144	0.7000000000000001	1.6699999571	2.8099999428	2.1600000858	1.1799999475	3.1700000763	1.09	2.0699999332	2.3199999332	1.5	1.5900000334	1.7999999523	1.6000000238	1.9400000572	0.8100000024	2.4300000668	1.467256471829915	1.5909999693	1.6499999762000002	1.7443296772129724	1.8129914697956155	1.7687672556444196	2.16	1.2300000191	2.25	1.8173244181730104	1.2300000191	2.43	3.5999999046	1.6216229367832034	1.25	0.7799999714	2.25	0.9599999785	2.1	1.23	2.1800000668	2.6	2.0999999046	1.7000000000000002	1.3200000525	1.6163482842602634	1.9099999666	1.6139162089972965	1.47	2.7104131770453668	2.1800000668	1.2100000381	1.0599999428	1.1399999857	1.6299999952	0.4600000083	1.33	1.9099999666	1.5909999693	1.35	1.3300000429	1.466712543132127	1.77	2.0599999428	1.02	3.5399999619	2.8099999428	2.06	1.54	2.7100000381	1.8400000334	1.3400000334	1.9400000572	1.5	1.3799999952	2.3399999142	1.9812478537046345	1.4400000572	2.0799999237	1.6252728694846579	2.41	1.8300000429	1.4500000477	2.0763996766248107	1.0	1.3999999762	2.0999999046	1.3600000143	1.93	1.2214334569558198	1.8999999762	3.1400001049	3.3099999428	2.105172335414997	2.0827319080523194	0.9399999976	1.9199999571	1.9199999571	2.1400001049	2.2799999714	1.4517606990306315	1.704932259145	1.91	1.4	1.9400000572	2.0899999142	2.0	1.9837777726335544	2.2200000286	1.65	1.3491248230071349	1.6200000048	2.1959899007615165	2.1900000572	0.9800000191	1.5299999714	1.6585528804700462	2.34	1.0499999523	1.04	1.42	1.9700000286	0.9700000286	1.6599999666	1.6100000143000002	1.2512179671596801	2.31	1.0900000334	2.1700000763	2.4300000668	1.8371775809065283	1.758973780334256	2.088055772802971	1.5	1.6699999571	2.360529183666939	2.0	0.96	2.1	1.3	1.8846522559221792	1.76	1.5599999428	1.407500127458648	1.2899999619	3.0399999619	2.1023090820499113	1.2300000191	1.929314017500009	1.82	1.3936273901913887	1.2300000191	1.5800000429	2.2511185146402135	1.4056392779985334	1.575198421086649	1.9051261204614778	1.7408307304139257	1.4700000286	1.628913548273899	1.1399999857	0.9800000191	2.23	2.1900000572	1.7400000095	2.0299999714	1.8099999428	1.4839359903661808	1.4600000381	2.5465291021000787	1.5700000525000002	2.46	2.935938606663966	1.8700000048	1.8999999762	1.7742720556744536	1.2736950616975289	2.0099999905	1.92	1.6615155843519505	2.1700000763	1.8544253922588252	1.7200000286	0.5199999809	2.3800001144	1.3999999762	1.38	2.4800000191	1.1799999475	1.79	1.7599999905	1.9392767348615703	1.8051807806946774	2.6	2.226351483382221	0.9100000262	3.6099998951	2.0399999619	2.1606203641422423	2.0099999905	1.4199999571	1.57	1.5900000334	1.544688272519659	2.010025817038642	2.0199999809	2.7999999523	1.8200000525	1.2599999905	1.750941936283176	1.32	1.3200000525	1.61	1.796430853383483	1.4600000381	1.3899999857	1.8149175806324473	1.9361664717351277	1.8700000048	1.2300000191	1.1000000238	0.9399999976	1.6799999475	1.7910503277801744	1.7100000381	2.625668249593162	1.9500000477	1.9099999666	1.892201047691694	1.3400000334	1.1659569889042207	2.4900000095	1.3899999857	1.4500000477	1.9264767931829792	2.1300001144	1.8700000048	2.0199999809	1.4299999475	1.3	1.9	1.8500000238	1.6592323654300036	1.7197851367209016	0.89	1.32	1.8899999857	1.523673489707989	1.8943877006845204	2.6600000858	1.5982678434447397	2.131956312982843	2.01	1.9700000286	1.0499999523	2.5499999523	1.03	1.2799999714	1.7058130457350684	1.6699999571	2.0099999905	1.75	1.5	2.0011030903405493	1.546028153825678	1.9900000095	1.2100000381	1.9509543686492226	1.4299999475	2.4000000954000003	0.8199999928	2.1199998856	1.3899999857	2.462788166044061	1.0499999523	1.4199999571	1.0599999428	2.2400000095	2.0199999809	1.56	1.83	1.83	2.1800000668	2.1900000572	2.0899999142	1.9600000381	1.9635453325968812	2.0	1.9500000477	2.0799999237	4.12	1.73	1.5700000525000002	1.6399999857	1.71408458160019	1.8121025521529748	1.8593252806967788	1.7724800104068195	1.4548882890429125	1.5898696664358047	1.5808514385892862	2.003637423269437	1.874832044936772	2.1746206427769925	1.9754840215712264	1.9353675764602516	1.4376197144670826	1.6276028225992465	1.7824909042548716	1.6455406602403715	2.0019314122818774	1.5174873461916958	1.2191243929024824	1.8045188065372237	1.691613991904399	1.5526261932337044	1.7086457205345877	1.7232416955685028	2.0617138728196207	1.8177226050133086	1.9562895587945281	1.2911379505527893	2.6199460019857663	1.602834997595646	2.308675912641551	1.4535661024560627	1.630087943300423	1.4770866627143726	2.376550687093968	1.8100078478129866	2.052770644253257	1.4817128444350238	1.5747040530902539	1.6302955368164531	2.054308574768358	1.6196662570606297	2.627929998664388	1.7694979468759335	1.9390870393410236	1.7909392808336158	1.81925667811835	1.752700121524741	2.092213470377916	1.851526115426897	1.5284943714184487	1.8125366535620901	1.7054239167905376	1.832660560986616	1.7392812034690848	1.7068989381262727	1.5200848496552104	1.4780456235670287	1.3989728215910058	1.4163732740956985	2.277578431043756	1.6239673515555815	2.047541390107179	1.9205172930773136	1.8663611530862618	1.7446451233334792	1.7475862315269446	1.6684790177748565	0.9859972035147548	1.2089476449416048	1.0879384553327904	2.193411969903122
Monocytes [#/volume] in Blood	0.5500000119	0.8999999762	0.4600000083	0.58500002145	0.5349370001954133	0.9499999881	0.9599999785	0.8399999738	0.2800000012	0.9499999881	0.6600000262	0.7400000095	0.45	0.87	0.4966422750365915	0.5259694321672526	1.11	0.6100000143000001	0.73	0.58500002145	0.3799999952	0.5500000119	0.35	0.5823993635680158	0.6100000143000001	0.3600000143	0.5400000215	0.5700000000000001	0.4499999881	0.6000000238000001	0.4900000095	1.2441468354446072	0.5500000119	1.1799999475	0.87	0.5	0.58500002145	0.7799999714	0.8158306329389905	0.64	0.72	0.4900000095	0.5299999714	0.7000000000000001	0.6899999976	0.6640672042032753	0.5026666754116668	0.52	0.4099999964	0.5052423167949597	1.0	0.58500002145	0.58500002145	0.58500002145	0.3799999952	0.5026666754116668	0.6200000048000001	0.7699999809	0.74	0.8399999738	1.0	1.05	0.6100000143000001	0.7813737601470276	0.8399999738	0.9200000167	0.8	1.0599999428	0.799382597108755	0.6899999976	0.5500000119	0.512826728573635	0.6600000262	0.7300000191	0.6286002642333662	0.5099999905	0.4799999893	0.9399999976	0.8899999857	0.5600000024	0.7200000286	1.24	0.9300000072	0.8000000119	0.6399999857	0.7073053388342019	0.8637059783816489	0.58500002145	1.11932482656708	1.2000000477	0.7048265448420488	0.8700000048000001	1.03	0.7801586320134891	0.8	0.8318045290412197	0.58500002145	0.7300000191	0.6014890255510685	0.61	0.5458688755944268	0.4499999881	0.5	0.6200000048000001	0.6700000167	0.6999999881	0.5583624806402758	0.6634873836775568	0.77	0.4699999988	0.7935101106240738	0.58	0.6000000238000001	0.4900000095	0.9399999976	0.6399999857	0.3799999952	0.58500002145	0.5299999714	0.7799999714	0.6667530799154405	0.6692122818193258	1.0	0.4900000095	1.2599999905	0.7657757220817376	0.58500002145	0.2099999934	0.71	0.8794682890499331	0.9700000286	0.8100000024	0.9700000286	1.09	0.6499999762	0.4817040880583626	0.6920911776135847	0.5299999714	0.9900000095	0.6510043031873222	0.67	0.4099999964	0.5600000024	0.524185488901913	1.2699999809	0.6700000167	0.5699999928	0.6999999881	0.5	0.3700000048	0.6800000072	0.400000006	1.1281736772762967	0.702569632855777	0.5	0.6900000000000001	0.71	0.6390367435352552	0.9300000072	0.5806095175979913	0.41217951202333364	0.4900000095	0.58500002145	1.1000000238	0.8299999833	0.4699999988	0.5600000024	0.641271895515738	0.6810320956124849	0.5199999809	0.6415538657288613	0.91	0.58500002145	1.0	0.3000000119	0.8399999738	0.72	0.42	0.6218904475859287	0.6704623163265664	0.7699999809	0.4499999881	0.3600000143	0.49	0.5500000119	0.8899999857	0.5600000024	0.7200000286	0.5600000024	0.6200000048000001	0.5528796970195334	0.6372352496718566	1.03	0.6100000143000001	0.6000000238000001	0.619269149286886	0.6247607869646558	0.5199999809	0.7900000215	0.3600000143	0.41	0.5899999738	0.4699999988	0.58500002145	0.68	0.8100000024	1.0800000429	0.5600000024	0.6293920391120725	0.5799999833	0.5400000215	0.8500000238000001	0.8500000238000001	0.6000000238000001	0.5099999905	0.6505517431507413	0.58500002145	0.4099999964	0.45	0.7699999809	0.7595703006689744	0.58500002145	0.5125086125846321	0.5199999809	0.4800444663652915	0.8300000000000001	0.7400000095	0.9499999881	0.4699999988	1.05	0.3899999857	0.9552683686803856	0.88	0.67	0.5279362929553004	0.7505500518305321	1.0800000429	0.6899999976	0.6200000048000001	0.3445474823875945	0.6396866130823716	0.5500000119	0.5899999738	0.5400000215	0.75	0.6700000167	0.8632044474510034	0.98	0.7213949125301853	0.640710748925838	0.6700000167	0.4199999869	0.58500002145	0.74	0.8700000048000001	0.7099999785000001	0.7188273313308702	0.7287788789864612	0.41	0.8899999857	0.7500181161675386	0.5839896782229325	0.6084106017290779	0.7699999809	0.78	0.613018185025546	0.4137730101594286	0.55325252909129	1.1100000143	0.58500002145	0.7599999905	0.5799999833	0.58500002145	1.0199999809	0.6299999952	0.26	0.7701939214093538	0.49	0.5199999809	0.5026666754116668	0.6999657462920075	0.8600000143000001	1.28	0.5038805495596416	0.7699999809	0.7599999905	0.6899999976	0.7200000286	0.6600000262	0.6700000167	0.5026666754116668	0.7099999785000001	0.8100000024	0.6499999762	0.6899999976	1.2799999714	0.9499999881	0.5026666754116668	0.75	0.6468866112184409	1.5199999809	0.5799999833	0.3100000024	0.6600000262	0.5899999738	0.5899999738	0.6690480589582251	0.5799999833	0.75	1.1100000143	0.6299152409276144	0.3899999857	1.2999999523	0.73	1.3899999857	0.71	1.2300000191	0.645591813152287	0.6100000143000001	0.8299999833	0.98	0.6900000000000001	1.3099999428	0.9238368310070225	0.7200000286	0.8399999738	1.2100000381	1.0700000525	0.587577146478985	0.9837042837261469	0.58500002145	0.6499999762	0.3700000048	0.58500002145	0.2800000012	0.7889372554595231	0.6900000000000001	0.7231497049734065	0.5983294287718331	0.8500000238000001	0.4799999893	1.0199999809	0.6427017428225064	3.4000000954000003	0.773370032497202	0.7214050723119148	0.31	0.7900000215	0.8399999738	0.5699999928	0.88	0.81	0.4199999869	0.7677084557857469	1.3500000238	0.7599999905	0.5899999738	0.7443876157039928	1.0146687450203682	1.2999999523	0.3899999857	0.5559525522269733	0.7525812371770778	0.7575171667119606	0.8315171784132922	0.4699999988	0.6200000048000001	0.5500000119	0.87	0.3600000143	0.760419311886367	0.5686790405274632	0.5500000119	1.1900000572	0.67	0.6647845444836478	0.3600000143	0.5026666754116668	0.4600000083	0.9900000095	0.42	0.5987883889320331	0.6764098177316712	0.56	0.6499999762	0.6299999952	0.5699999928	0.4199999869	0.5899999738	0.7699999809	1.9299999475	0.8799999952	0.5762077248048856	0.79	0.5389288534642769	0.73	0.8700000048000001	1.29	1.8	0.7200000286	0.7900000215	0.58500002145	0.6899999976	0.9228547602247519	0.5899999738	0.44102981020248194	0.8500000238000001	1.02	0.6200000048000001	0.9800000191	0.5026666754116668	0.5	0.6100000143000001	2.0799999237	0.9200000167	0.6200000048000001	1.0	0.5799999833	0.6147990857450718	0.7200000286	0.58500002145	0.6399999857	0.6856775117640508	0.63	0.7900000215	0.6900000000000001	0.4099999964	0.5699999928	0.7740207476565064	0.6564861582927208	0.5600000024	0.25	0.6399999857	0.4900000095	0.5401987971643558	0.58500002145	1.0456496211394155	0.5299999714	0.5026666754116668	0.8100000024	0.7658115735514145	0.8016723905591513	0.4499999881	0.6100000143000001	0.7000000000000001	0.7034658740009647	1.0299999714	0.5799999833	0.4399999976	0.3300000131	0.9800000191	0.9476928109587376	0.3013880000530473	0.86	0.5456365477909288	0.58500002145	0.85	0.8899999857	0.5699999928	0.8045811223892771	0.9499999881	0.6090567737954506	0.759462679937419	0.7300000191	0.62	0.79	0.6700000167	0.7099999785000001	0.3600000143	0.4600000083	0.5	0.4199999869	0.8100000024	0.5500000119	0.3700000048	1.0900000334	0.58500002145	1.07	0.5591751305335841	0.4799999893	0.7000000000000001	0.9100000262	0.7728615791530568	0.5	0.3799999952	0.9	1.1499999762	0.6000000238000001	0.7200000286	1.6299999952	0.58500002145	0.2300000042	0.5699999928	0.7699999809	1.0599999428	0.7699999809	0.7476044488219145	0.6600000262	0.4799999893	0.06	0.58500002145	0.3700000048	0.8100000024	1.13	0.6399999857	0.4435462857514737	0.8498768034976789	1.0299999714	0.8000000119	0.9100000262	0.47888637560286573	0.5500000119	0.6399994813016195	0.8799999952	0.6900000000000001	0.7564460911017441	0.56	0.45	0.6499999762	0.724015460555669	0.5188770340369497	0.5920275702632167	0.5801750055784035	0.4939935192123852	0.8000000119	0.8100000024	0.6595635275769878	0.6200000048000001	0.58500002145	1.09	0.58500002145	0.3899999857	0.6200000048000001	0.3899999857	0.61	0.58500002145	0.58500002145	0.7400000095	0.86	0.7130395356011707	0.6700000167	0.8100000024	0.8399999738	0.400000006	0.4600000083	0.63456462399518	0.39	0.900006849484931	0.6100000143000001	0.75	0.5	0.6600000262	1.0700000525	0.5026666754116668	0.7200000286	1.3600000143	0.8100000024	0.5899999738	0.7799999714	0.7517084576249495	0.9300000072	1.0099999905	0.6918052612102507	0.6255725663748293	0.5416155126112634	0.400000006	0.88	0.5699999928	0.73	0.7900000215	0.802363007007288	0.5400000215	0.3475592545499239	0.7300000191	0.6511148213841688	0.72	0.58500002145	0.3799999952	0.6000000000000001	0.6181822723351955	0.5199999809	0.6399999857	0.8799999952	0.33	0.5600000024	0.6700000167	0.84	0.6000000238000001	0.5299999714	0.92	0.58500002145	0.81	0.9200000167	0.6299999952	0.6399999857	0.9447316428826396	0.6046755824365333	0.7597259016018837	0.7000000000000001	0.5199999809	0.58500002145	1.0599999428	0.4399999976	0.5699999928	0.5099999905	0.3000000119	0.4799999893	0.97	0.6200000048000001	1.52	0.58500002145	0.7200000286	0.47398059794570635	0.46530760141033345	0.6700000167	0.6835900185941625	0.4399999976	0.4099999964	0.3397309748484791	0.6700000167	0.6434460805155284	0.7875871941497881	0.6200000048000001	0.5572162947710068	0.3600000143	0.77	0.9499999881	0.58500002145	0.9100000262	0.6600000262	0.5699999928	0.5199999809	0.4600000083	0.6100000143000001	0.4600000083	0.5540402748766298	0.58500002145	0.58500002145	0.6000000238000001	0.3600000143	0.6223844177487753	0.41	1.07	0.7099999785000001	1.3400000334	0.6747055319634736	0.2599999905	0.5405994183738987	0.58500002145	1.05	0.5936370355470971	0.5899999738	0.6215252674754421	1.17	0.5400000215	0.6700000167	0.9499999881	0.6485351736305434	0.6200000048000001	0.7799999714	1.01	0.8500000238000001	0.5699999928	0.6800000072	0.58500002145	0.4300000072	0.8600000143000001	0.5600000024	0.8399999738	0.8600000143000001	0.9052309089374048	0.6600000262	0.4600000083	0.0900000036	0.9900000095	0.4947682989441755	1.0	0.68	0.58	1.0599999428	0.5699999928	0.8199999928	0.5699999928	0.9399999976	0.58500002145	0.4699999988	0.4799999893	0.92	0.7604995248346522	1.3500000238	0.7599999905	0.536449518529033	0.7095866409288768	0.6902861064790182	0.663952681784009	0.6164620815965793	0.6152367978264692	0.4734442808509347	0.46549466409082607	0.7423073516892804	0.8112973557409648	0.7087961054523482	0.7035829933615829	0.578045919895307	0.6593565847197613	0.8236169056114486	0.8561745085581953	0.9664125424804828	0.6096044817838138	0.5938870051421252	0.6448974329008821	0.8623667608046777	0.5484683869441549	0.7221331257525809	0.801467155506932	0.7220498495326931	0.46508028095743914	0.773400001987983	0.6869448398695678	0.917626820904592	0.7838826251863273	0.6497144212783005	0.7230151282807794	0.6050830182854736	0.46749637736552485	0.804856045834167	0.6680577268764901	0.81920559553607	0.7510587373035134	0.5971377622313541	0.5685039159013895	0.8202099009446959	0.7980108234625455	0.9286231286362056	0.6202036336577922	0.66130713016677	0.6825805690447261	0.7941403901555014	0.48761504989759824	0.7371963348347439	0.3621254053266909	0.7944623031090348	0.6818467559073186	0.6871047434762573	0.732495539375179	0.6947955573100993	0.5449594279765381	0.6933244242317987	0.5702226143832033	0.5461522717418279	0.7031574742618083	0.6831409073288581	0.5939554085358827	0.6753737728498904	0.749962823907853	0.6724397099605444	0.6813096139261478	0.574004324733031	0.5547095686331238	0.6088554849334422	0.6603657606887839	0.7627946696837481	0.8850996351256669
Platelet distribution width [Entitic volume] in Blood by Automated count	13.6000003815	11.6000003815	11.739141098152615	11.621666425081669	12.165369895931718	12.0	13.626289834745931	12.1000003815	14.1000003815	11.345339556967502	10.6000003815	13.3999996185	10.2	12.358638567850655	10.8999996185	10.6999998093	14.5	11.6999998093	10.5	11.621666425081669	12.984245393442176	12.5	12.5	11.621666425081669	12.6999998093	15.3000001907	13.6000003815	11.2	13.652784951601161	18.3999996185	12.153957738639155	10.621485369677522	12.888722737690722	11.494687366406735	10.789841806478497	12.6999998093	11.621666425081669	12.6000003815	14.5	12.5	11.232468789829497	11.1999998093	10.5	13.9	13.8000001907	11.621666425081669	11.291593233287735	11.2	12.083936923478403	9.03919540237391	12.6000003815	11.621666425081669	11.621666425081669	11.621666425081669	18.5	11.140000324275	11.8000001907	15.6000003815	14.881700699492972	10.3000001907	13.1000003815	14.6	11.6000003815	10.0	11.270115143916215	14.5	12.41408949963567	13.809811663564187	10.86524712894909	11.088902513642909	11.5	11.8000001907	15.3000001907	15.6999998093	13.006765831060939	12.084240770172107	13.1000003815	13.65982346626418	11.371172065829132	11.266530618728611	13.6000003815	11.4	13.3000001907	10.6000003815	9.6999998093	14.3	12.41292257939036	11.621666425081669	14.05287836255007	10.8000001907	19.5	15.6999998093	11.5	14.0	10.532959633953524	9.1000003815	11.621666425081669	13.3999996185	9.8000001907	14.8	14.9	10.1000003815	9.8	14.3999996185	12.343866190648656	13.918496569385892	11.1000003815	12.1999998093	10.7	14.872889417829532	14.7	13.7	12.22836354867715	16.1000003815	12.6999998093	14.638068265027172	10.8724207807687	11.621666425081669	18.7999992371	12.8999996185	11.1999998093	11.8	11.6000003815	10.836951152064469	11.1999998093	12.3000001907	11.621666425081669	10.1000003815	12.1	15.0	11.609380244981821	12.6000003815	11.1000003815	10.2	15.8999996185	13.80228321616321	11.621666425081669	13.6000003815	9.49031786299374	14.5	9.6	13.1999998093	14.3999996185	11.140000324275	13.271540691638343	11.1999998093	12.512876895325258	10.8999996185	11.0	12.3000001907	13.3999996185	15.5	10.1000003815	15.8000001907	10.1999998093	12.5	11.004808453238685	12.6000003815	13.426185066308587	11.6999998093	11.358283177883433	12.0	12.746845433780221	10.8000001907	13.8000001907	11.3000001907	13.818500885860386	11.840904462871576	11.702739132049492	11.121790247676168	12.0	13.237016175395745	11.621666425081669	11.282858480910104	12.8000001907	14.5	12.469002652742764	10.4	14.3000001907	10.0	11.19144691300345	11.315885711363068	11.0	11.7	13.29122300678744	14.144382685888576	13.0	12.8000001907	11.3999996185	12.906628532029492	11.1999998093	12.8999996185	11.7578760606632	13.644993979688099	11.43482923474798	12.5	9.6999998093	16.7000007629	11.6000003815	12.164976260526895	11.9	14.6000003815	13.6999998093	11.621666425081669	11.621666425081669	15.5	8.1999998093	11.0	9.1000003815	10.1000003815	12.966873124472524	15.32436086167991	10.751387051265084	11.6000003815	10.1999998093	12.1999998093	11.638988117883013	13.62178308322805	11.621666425081669	12.0	11.8000001907	11.953761607312343	12.828947976939059	10.6000003815	9.6000003815	10.7	11.781380299203748	12.1000003815	13.3000001907	11.9	10.167489185939246	11.94514467612948	11.9	12.9	16.3999996185	14.2	11.3999996185	10.8999996185	10.8000001907	10.8000001907	12.5	11.544307647547402	11.6999998093	15.8000001907	13.8999996185	10.0	11.321429483139937	8.1	13.6999998093	13.1000003815	16.145850191518193	10.5	11.621666425081669	11.621666425081669	17.0	13.3999996185	9.8999996185	14.1000003815	9.2	12.3000001907	11.3000001907	13.124895201513656	15.6999998093	11.1999998093	13.5	11.683632421267644	11.1	14.6000003815	16.0	11.621666425081669	9.8999996185	13.3000001907	12.3537261021364	13.0	12.1000003815	11.6	12.3000001907	12.608900154927504	11.8999996185	11.140000324275	19.8999996185	10.8999996185	11.2	11.3999996185	16.7999992371	11.8000001907	12.3000001907	13.3000001907	12.8999996185	12.5	11.140000324275	10.5	13.0	11.1000003815	14.8000001907	11.1999998093	13.866527371969664	11.140000324275	13.8999996185	10.1999998093	11.3999996185	13.945495181130998	12.210220446952516	11.360954921810848	11.1000003815	16.7000007629	13.233452719979867	15.1000003815	12.1999998093	9.8999996185	11.140000324275	10.6000003815	12.643843130156558	12.1	11.6000003815	12.364807787930328	14.308177396020156	20.2999992371	14.8999996185	13.16573853018792	15.9	10.6	12.1999998093	14.1000003815	12.6999998093	12.548753963767512	15.6000003815	13.8000001907	13.787972481897908	13.3	12.43062370027131	11.6000003815	10.1999998093	11.31535727180092	12.149925874346954	12.6000003815	12.41273676580005	12.3999996185	11.5	11.1000003815	12.8999996185	10.242209377556806	17.8999996185	10.800202321817036	14.1000003815	11.8999996185	9.949605465610738	11.6999998093	15.0	14.328454024040706	12.6	10.0	11.8999996185	11.3	13.08093723988848	11.1999998093	11.3000001907	12.9636083391254	11.3999996185	15.495193602111941	16.1000003815	9.0	13.0	13.304793877229477	14.7	14.0	12.6999998093	11.6999998093	12.4	12.0	12.6000003815	11.5	12.6000003815	15.8999996185	12.113600437529643	11.0	13.291211745357725	10.575133567148562	12.1000003815	10.8000001907	11.6	12.818828250342348	9.8999996185	11.0	13.5	14.444694743748506	10.3999996185	11.85704257601689	13.101651368398956	11.1999998093	9.8999996185	14.1999998093	12.3999996185	11.6	10.70227147592071	11.646145967373826	8.6999998093	13.6	10.7	12.488919596147271	11.8999996185	12.271028413607945	15.8000001907	10.3999996185	10.5	10.8999996185	10.1999998093	11.755813887028145	14.8000001907	10.3999996185	11.140000324275	12.8000001907	13.5	14.3000001907	14.0	11.07011554270154	11.8000001907	10.5	12.121416081661033	12.0	11.621666425081669	13.3999996185	11.8000001907	10.513246319600048	9.8999996185	13.6	13.1000003815	14.5	12.0	13.8000001907	11.8999996185	16.3999996185	13.5	10.5	11.8999996185	11.621666425081669	11.10556216418377	10.1999998093	14.584747453863763	11.1999998093	12.8	14.3000001907	13.8999996185	12.407780889090601	10.343077882430608	11.1	13.0	15.1000003815	13.1000003815	11.8000001907	14.1000003815	11.1999998093	11.6000003815	11.6	11.8000001907	11.621666425081669	12.0	11.6999998093	11.479072970288527	16.3	11.6999998093	11.05206867776472	15.6999998093	10.3999996185	12.2	10.6	11.846677943596518	10.6999998093	10.8000001907	12.8000001907	12.1999998093	11.0	12.3000001907	15.3000001907	13.1999998093	12.15390106821865	11.621666425081669	15.0	12.8000001907	11.026687594816858	11.6	13.569051499129127	14.3999996185	11.069078038079981	15.8000001907	12.3	10.5	13.3000001907	10.8000001907	10.351690091078428	11.621666425081669	12.93414211200281	11.650317661085	14.3999996185	11.1000003815	13.3999996185	14.8000001907	12.5	12.43305535172809	10.549390423180807	11.621666425081669	11.32688534311064	9.8999996185	11.621952057081167	11.560509091098538	13.6999998093	20.2	9.8000001907	14.1000003815	13.423281312710898	10.1000003815	10.3000001907	12.0	13.3999996185	13.409804771879061	13.3999996185	12.9	14.4	9.8999996185	11.8999996185	11.626570999078957	15.5	12.5	15.541085502382185	14.3000001907	14.6000003815	10.3999996185	15.639267490270235	12.578658236287918	10.0	11.621666425081669	15.249618389384203	12.0	11.3999996185	10.451680446615681	11.621666425081669	11.621666425081669	12.6999998093	14.4	14.6999998093	11.3000001907	10.8999996185	11.3999996185	15.1999998093	14.3999996185	14.005269396974771	10.3	9.8000001907	11.76101981591354	11.5	10.3000001907	9.0	12.1000003815	11.140000324275	13.2156182480293	13.6000003815	11.3000001907	11.5	14.6999998093	12.420519866821374	10.8000001907	11.0	14.5	9.3999996185	11.8	11.085539826511642	14.2	13.1999998093	14.0	9.5	11.3999996185	11.5	11.1	13.1999998093	17.0	12.5	11.590775697092784	11.038064060642661	10.6	10.609237535591129	12.191031424806697	19.1000003815	13.8999996185	13.227830905284161	19.3999996185	9.907479968672542	12.4	12.6999998093	11.480942246530708	11.5	11.621666425081669	14.1	10.3000001907	13.3000001907	13.8999996185	14.3000001907	11.6999998093	12.542180770169445	13.1	12.0	11.621666425081669	15.37751553648235	13.1000003815	11.5	15.6000003815	9.8999996185	11.429008407581973	11.977929604207592	11.8999996185	11.9	10.586110676036702	12.3999996185	12.0	9.5	11.54065991304462	10.0	11.6000003815	14.0	17.1000003815	14.1999998093	10.8000001907	12.6000003815	9.1000003815	12.215717053924285	15.1999998093	13.7	9.1999998093	11.621666425081669	12.6000003815	12.755124673434912	12.1000003815	13.0	13.1999998093	15.460987433167437	15.1999998093	11.0	11.621666425081669	11.621666425081669	13.5	11.5	11.8999996185	12.0	9.6	10.6999998093	10.8000001907	11.8000001907	10.8999996185	9.6000003815	11.621666425081669	13.449869790451192	11.6000003815	10.3999996185	14.0	10.652890227707559	14.0	13.3000001907	14.3999996185	11.8000001907	9.8000001907	12.8999996185	11.7	10.6999998093	16.3999996185	9.6000003815	12.675012603114672	11.6000003815	10.1999998093	10.0	16.6000003815	11.8000001907	9.8000001907	17.2000007629	10.2696008073449	12.5	12.945009603587183	14.0	22.7	16.2	13.4	12.8000001907	10.8999996185	12.6999998093	12.8999996185	12.6000003815	11.621666425081669	11.6000003815	12.3999996185	13.4	7.6	10.8000001907	12.3000001907	11.3	12.20754912684235	11.882012071872234	12.423800136634359	10.431619359938079	12.127670292235136	11.988796520611416	12.431450537448265	12.693427810648448	14.366124111893278	15.010132340685375	12.659733703756748	12.593482939783636	12.379191449034836	11.567677414929893	12.695167368540274	13.095632376397143	12.210822116080477	11.398504645565165	13.502949812872776	13.802167211328072	9.182094226941212	12.417481430157006	10.988871956012476	11.410779361774106	9.961514245899236	13.046656418563117	12.258744494510204	13.615165963999559	11.753459763854973	12.55432346730583	13.677525465052284	11.480190879096444	12.430816658209505	11.7761149753584	11.435298339895496	12.801421349449052	14.187216563083089	12.357755287298145	12.800295993566646	13.282437456885445	12.132179223384572	11.768387576032444	15.06892136306498	11.952999644446896	13.285383289481265	12.393166853039487	11.685397438466973	11.914318873549993	11.440099583854977	13.062643471132406	11.35752030683817	11.578981831823643	13.325143583452537	10.645515081059486	11.27919234062972	13.587684200592454	11.255935429725671	11.591931446726358	12.51759145352132	12.106335241184603	13.570819422503865	12.202007171425112	11.23094377428282	12.122202444290867	11.670023588909308	12.435050849828334	13.070696543740304	11.496071916808567	10.887895438285916	18.801258991311816	14.133970828117786
c020	0.0	0.0	0.0	0.0	0.0	0.0	0.0	0.0	0.0	0.0	0.0	0.0	0.0	0.0	0.0	0.0	0.0	0.0	0.0	0.0	0.0	0.0	0.0	0.0	0.0	0.0	0.0	0.0	0.0	0.0	0.0	0.0	0.0	0.0	0.0	0.0	0.0	0.0	0.0	0.0	0.0	0.0	0.0	0.0	0.0	0.0	0.0	0.0	0.0	0.0	0.0	0.0	0.0	0.0	0.0	0.0	0.0	0.0	0.0	0.0	0.0	0.0	0.0	0.0	0.0	0.0	0.0	0.0	0.0	0.0	0.0	0.0	0.0	0.0	0.0	0.0	0.0	0.0	0.0	0.0	0.0	0.0	0.0	0.0	0.0	0.0	0.0	0.0	0.0	0.0	0.0	0.0	0.0	0.0	0.0	0.0	0.0	0.0	0.0	0.0	0.0	0.0	0.0	0.0	0.0	0.0	0.0	0.0	0.0	0.0	0.0	0.0	0.0	0.0	0.0	0.0	0.0	0.0	0.0	0.0	0.0	0.0	0.0	0.0	0.0	0.0	0.0	0.0	0.0	0.0	0.0	0.0	0.0	0.0	0.0	0.0	0.0	0.0	0.0	0.0	0.0	0.0	0.0	0.0	0.0	0.0	0.0	0.0	0.0	0.0	0.0	0.0	0.0	0.0	0.0	0.0	0.0	0.0	0.0	0.0	0.0	0.0	0.0	0.0	0.0	0.0	0.0	0.0	0.0	0.0	0.0	0.0	0.0	0.0	0.0	0.0	0.0	0.0	0.0	0.0	0.0	0.0	0.0	0.0	0.0	0.0	0.0	0.0	0.0	0.0	0.0	0.0	0.0	0.0	0.0	0.0	0.0	0.0	0.0	0.0	0.0	0.0	0.0	0.0	0.0	0.0	0.0	0.0	0.0	0.0	0.0	0.0	0.0	0.0	0.0	0.0	0.0	0.0	0.0	0.0	0.0	0.0	0.0	0.0	0.0	0.0	0.0	0.0	0.0	0.0	0.0	0.0	0.0	0.0	0.0	0.0	0.0	0.0	0.0	0.0	0.0	0.0	0.0	0.0	0.0	0.0	0.0	0.0	0.0	0.0	0.0	0.0	0.0	0.0	0.0	0.0	0.0	0.0	0.0	0.0	0.0	0.0	0.0	0.0	0.0	0.0	0.0	0.0	0.0	0.0	0.0	0.0	0.0	0.0	0.0	0.0	0.0	0.0	0.0	0.0	0.0	0.0	0.0	0.0	0.0	0.0	0.0	0.0	0.0	0.0	0.0	0.0	0.0	0.0	0.0	0.0	0.0	0.0	0.0	0.0	0.0	0.0	0.0	0.0	0.0	0.0	0.0	0.0	0.0	0.0	0.0	0.0	0.0	0.0	0.0	0.0	0.0	0.0	0.0	0.0	0.0	0.0	0.0	0.0	0.0	0.0	0.0	0.0	0.0	0.0	0.0	0.0	0.0	0.0	0.0	0.0	0.0	0.0	0.0	0.0	0.0	0.0	0.0	0.0	0.0	0.0	0.0	0.0	0.0	0.0	0.0	0.0	0.0	0.0	0.0	0.0	0.0	0.0	0.0	0.0	0.0	0.0	0.0	0.0	0.0	0.0	0.0	0.0	0.0	0.0	0.0	0.0	0.0	0.0	0.0	0.0	0.0	0.0	0.0	0.0	0.0	0.0	0.0	0.0	0.0	0.0	0.0	0.0	0.0	0.0	0.0	0.0	0.0	0.0	0.0	0.0	0.0	0.0	0.0	0.0	0.0	0.0	0.0	0.0	0.0	0.0	0.0	0.0	0.0	0.0	0.0	0.0	0.0	0.0	0.0	0.0	0.0	0.0	0.0	0.0	0.0	0.0	0.0	0.0	0.0	0.0	0.0	0.0	0.0	0.0	0.0	0.0	0.0	0.0	0.0	0.0	0.0	0.0	0.0	0.0	0.0	0.0	0.0	0.0	0.0	0.0	0.0	0.0	0.0	0.0	0.0	0.0	0.0	0.0	0.0	0.0	0.0	0.0	0.0	0.0	0.0	0.0	0.0	0.0	0.0	0.0	0.0	0.0	0.0	0.0	0.0	0.0	0.0	0.0	0.0	0.0	0.0	0.0	0.0	0.0	0.0	0.0	0.0	0.0	0.0	0.0	0.0	0.0	0.0	0.0	0.0	0.0	0.0	0.0	0.0	0.0	0.0	0.0	0.0	0.0	0.0	0.0	0.0	0.0	0.0	0.0	0.0	0.0	0.0	0.0	0.0	0.0	0.0	0.0	0.0	0.0	0.0	0.0	0.0	0.0	0.0	0.0	0.0	1.0	0.0	0.0	0.0	0.0	0.0	0.0	0.0	0.0	0.0	0.0	0.0	0.0	0.0	0.0	0.0	0.0	0.0	0.0	0.0	0.0	0.0	0.0	0.0	0.0	0.0	0.0	0.0	0.0	0.0	0.0	0.0	0.0	0.0	0.0	0.0	0.0	0.0	0.0	0.0	0.0	0.0	0.0	0.0	0.0	0.0	0.0	0.0	0.0	0.0	0.0	0.0	0.0	0.0	0.0	0.0	0.0	0.0	0.0	0.0	0.0	0.0	0.0	0.0	0.0	0.0	0.0	0.0	0.0	0.0	0.0	0.0	0.0	0.0	0.0	0.0	0.0	0.0	0.0	0.0	0.0	0.0	0.0	0.0	0.0	0.0	0.0	0.0	0.0	0.0	0.0	0.0	0.0	0.0	0.0	0.0	0.0	0.0	0.0	0.0	0.0	0.0	0.0	0.0	0.0	0.0	0.0	0.0	0.0	0.0	0.0	0.0	0.0	0.0	0.0	0.0	0.0	0.0	0.0	0.0	0.0	0.0	0.0	0.0	0.0	0.0	0.0	0.0	0.0	0.0	0.0	0.0	0.0	0.0	0.0	0.0	0.0	0.0	0.0	0.0	0.0	0.0	0.0	0.0	0.0	0.0	0.0	0.0	0.0	0.0	0.0	0.0	0.0	0.0	0.0	0.0	0.0	0.0	0.0	0.0	0.0	0.0	0.0	0.0	0.0	0.0	0.0	0.0	0.0	0.0	0.0	0.0	0.0	0.0	0.0	0.0	0.0	0.0	0.0	0.0	0.0	0.0	0.0	0.0	0.0	0.0	0.0	0.0	0.0	0.0	0.0	0.0	0.0	0.0	0.0	0.0	0.0	0.0	0.0	0.0	0.0	0.0	0.0	0.0	0.0	0.0	0.0	0.0	0.0	0.0	0.0	0.0	0.0	0.0	0.0	0.0	0.0	0.0	0.0	0.0	0.0	0.0	0.0	0.0	0.0	0.0	0.0	0.0	0.0	0.0	0.0	0.0	0.0	0.0	0.0	0.0	0.0	0.0	0.0	0.0
c021	0.0	0.0	0.0	0.0	0.0	0.0	0.0	0.0	0.0	0.0	0.0	0.0	0.0	0.0	1.0	1.0	0.0	0.0	0.0	0.0	0.0	0.0	0.0	0.0	0.0	0.0	0.0	0.0	0.0	0.0	0.0	0.0	0.0	0.0	0.0	0.0	0.0	0.0	0.0	0.0	1.0	0.0	0.0	0.0	0.0	0.0	0.0	0.0	0.0	0.0	0.0	0.0	0.0	0.0	0.0	0.0	0.0	0.0	0.0	0.0	0.0	0.0	0.0	0.0	0.0	0.0	0.0	0.0	0.0	0.0	0.0	0.0	0.0	0.0	0.0	0.0	0.0	0.0	0.0	0.0	0.0	0.0	0.0	0.0	0.0	0.0	0.0	0.0	1.0	0.0	0.0	0.0	0.0	0.0	0.0	0.0	0.0	0.0	0.0	0.0	0.0	0.0	0.0	0.0	0.0	0.0	0.0	0.0	0.0	0.0	0.0	0.0	0.0	0.0	0.0	0.0	1.0	1.0	0.0	0.0	0.0	0.0	0.0	0.0	0.0	0.0	0.0	0.0	0.0	0.0	0.0	0.0	0.0	0.0	0.0	0.0	0.0	0.0	0.0	0.0	0.0	0.0	0.0	1.0	0.0	0.0	0.0	0.0	0.0	0.0	0.0	1.0	0.0	0.0	0.0	0.0	1.0	0.0	0.0	0.0	1.0	0.0	0.0	0.0	0.0	0.0	0.0	0.0	0.0	0.0	0.0	0.0	1.0	0.0	0.0	0.0	0.0	0.0	0.0	0.0	1.0	0.0	0.0	0.0	0.0	0.0	0.0	0.0	0.0	0.0	2.0	0.0	0.0	0.0	0.0	0.0	0.0	1.0	0.0	0.0	0.0	0.0	0.0	0.0	0.0	0.0	0.0	0.0	0.0	0.0	0.0	0.0	0.0	0.0	0.0	0.0	0.0	1.0	0.0	1.0	0.0	0.0	0.0	0.0	0.0	0.0	0.0	0.0	0.0	0.0	0.0	0.0	0.0	0.0	0.0	0.0	0.0	0.0	0.0	0.0	0.0	0.0	1.0	0.0	0.0	0.0	0.0	0.0	0.0	0.0	0.0	0.0	0.0	0.0	0.0	0.0	0.0	0.0	0.0	0.0	0.0	0.0	0.0	0.0	0.0	0.0	0.0	0.0	0.0	0.0	0.0	0.0	0.0	0.0	0.0	2.0	0.0	0.0	0.0	1.0	0.0	0.0	0.0	0.0	0.0	0.0	0.0	0.0	0.0	0.0	0.0	0.0	0.0	0.0	1.0	0.0	0.0	0.0	0.0	0.0	0.0	1.0	0.0	0.0	0.0	1.0	0.0	0.0	0.0	0.0	0.0	0.0	0.0	0.0	0.0	0.0	0.0	0.0	1.0	1.0	0.0	0.0	0.0	0.0	0.0	0.0	0.0	0.0	0.0	0.0	0.0	0.0	1.0	0.0	0.0	0.0	0.0	0.0	0.0	0.0	0.0	0.0	1.0	0.0	0.0	0.0	0.0	0.0	0.0	0.0	1.0	0.0	0.0	0.0	0.0	0.0	0.0	0.0	0.0	0.0	0.0	0.0	0.0	0.0	1.0	0.0	0.0	0.0	0.0	0.0	0.0	0.0	0.0	0.0	0.0	0.0	0.0	0.0	1.0	0.0	0.0	0.0	0.0	0.0	0.0	0.0	0.0	0.0	0.0	0.0	0.0	0.0	0.0	0.0	0.0	0.0	0.0	0.0	0.0	0.0	0.0	1.0	0.0	0.0	0.0	0.0	0.0	0.0	0.0	0.0	0.0	0.0	1.0	0.0	0.0	0.0	0.0	0.0	0.0	0.0	0.0	1.0	0.0	0.0	0.0	1.0	0.0	0.0	0.0	0.0	0.0	0.0	0.0	0.0	0.0	0.0	0.0	0.0	0.0	0.0	0.0	0.0	0.0	0.0	0.0	0.0	0.0	0.0	0.0	1.0	0.0	0.0	0.0	0.0	0.0	0.0	0.0	0.0	0.0	0.0	0.0	0.0	0.0	0.0	1.0	1.0	0.0	0.0	0.0	0.0	0.0	0.0	0.0	0.0	1.0	0.0	0.0	0.0	0.0	0.0	0.0	0.0	0.0	0.0	0.0	0.0	0.0	0.0	0.0	0.0	0.0	0.0	1.0	1.0	0.0	0.0	0.0	0.0	0.0	0.0	0.0	1.0	0.0	0.0	0.0	0.0	0.0	0.0	0.0	0.0	0.0	0.0	1.0	0.0	0.0	0.0	0.0	0.0	0.0	0.0	0.0	0.0	0.0	0.0	0.0	0.0	0.0	0.0	0.0	0.0	0.0	0.0	0.0	0.0	1.0	0.0	0.0	0.0	0.0	0.0	0.0	0.0	0.0	0.0	0.0	0.0	0.0	0.0	0.0	0.0	0.0	0.0	0.0	0.0	0.0	0.0	0.0	0.0	0.0	0.0	0.0	0.0	0.0	0.0	0.0	0.0	0.0	1.0	0.0	0.0	0.0	0.0	0.0	0.0	0.0	0.0	0.0	0.0	0.0	0.0	1.0	0.0	0.0	0.0	0.0	0.0	0.0	0.0	0.0	0.0	0.0	0.0	0.0	0.0	1.0	0.0	0.0	0.0	0.0	0.0	0.0	1.0	1.0	0.0	0.0	0.0	0.0	0.0	0.0	0.0	0.0	0.0	0.0	0.0	0.0	0.0	0.0	0.0	0.0	0.0	0.0	0.0	2.0	0.0	0.0	0.0	0.0	0.0	0.0	0.0	0.0	0.0	0.0	0.0	0.0	1.0	0.0	0.0	0.0	0.0	0.0	0.0	0.0	0.0	0.0	0.0	0.0	0.0	0.0	0.0	0.0	0.0	0.0	0.0	0.0	0.0	0.0	0.0	0.0	0.0	0.0	0.0	1.0	0.0	0.0	0.0	1.0	0.0	0.0	0.0	0.0	0.0	0.0	1.0	0.0	0.0	1.0	0.0	0.0	0.0	0.0	0.0	0.0	0.0	0.0	0.0	0.0	0.0	0.0	0.0	0.0	0.0	1.0	0.0	0.0	0.0	1.0	1.0	0.0	0.0	0.0	0.0	0.0	1.0	0.0	0.0	0.0	0.0	0.0	0.0	0.0	0.0	0.0	0.0	0.0	0.0	0.0	0.0	0.0	0.0	0.0	0.0	0.0	0.0	0.0	0.0	0.0	0.0	0.0	0.0	0.0	0.0	0.0	0.0	0.0	0.0	1.0	0.0	0.0	0.0	2.0	0.0	0.0	0.0	0.0	0.0	0.0	0.0	0.0	0.0	0.0	0.0	0.0	0.0	0.0	0.0	0.0	0.0	0.0	0.0	0.0	0.0	0.0
c022	0.0	0.0	0.0	0.0	0.0	0.0	0.0	0.0	0.0	0.0	0.0	0.0	0.0	0.0	0.0	0.0	0.0	0.0	0.0	0.0	0.0	0.0	0.0	0.0	0.0	0.0	0.0	0.0	0.0	0.0	0.0	0.0	0.0	0.0	0.0	0.0	0.0	0.0	0.0	0.0	0.0	0.0	0.0	0.0	0.0	0.0	0.0	0.0	0.0	0.0	0.0	0.0	0.0	0.0	0.0	0.0	0.0	0.0	0.0	0.0	0.0	0.0	0.0	0.0	0.0	0.0	0.0	0.0	0.0	0.0	0.0	0.0	0.0	0.0	0.0	0.0	0.0	0.0	0.0	0.0	0.0	0.0	0.0	0.0	0.0	0.0	0.0	0.0	0.0	0.0	0.0	0.0	0.0	0.0	0.0	0.0	0.0	0.0	0.0	0.0	0.0	0.0	0.0	0.0	0.0	0.0	0.0	0.0	0.0	0.0	0.0	0.0	0.0	0.0	0.0	0.0	0.0	0.0	0.0	0.0	0.0	0.0	0.0	0.0	0.0	0.0	0.0	0.0	0.0	0.0	0.0	0.0	0.0	0.0	0.0	0.0	0.0	0.0	0.0	0.0	0.0	0.0	0.0	0.0	0.0	0.0	0.0	0.0	0.0	0.0	0.0	0.0	0.0	0.0	0.0	0.0	0.0	0.0	0.0	0.0	0.0	0.0	0.0	0.0	0.0	0.0	0.0	0.0	0.0	0.0	0.0	0.0	0.0	0.0	0.0	0.0	0.0	0.0	0.0	0.0	0.0	0.0	0.0	0.0	0.0	0.0	0.0	0.0	0.0	0.0	0.0	0.0	0.0	0.0	0.0	0.0	0.0	0.0	0.0	0.0	0.0	0.0	0.0	0.0	0.0	0.0	0.0	0.0	0.0	0.0	0.0	0.0	0.0	0.0	0.0	0.0	0.0	0.0	0.0	0.0	0.0	0.0	0.0	0.0	0.0	0.0	0.0	0.0	0.0	0.0	0.0	0.0	0.0	0.0	0.0	0.0	0.0	0.0	0.0	0.0	0.0	0.0	0.0	0.0	0.0	0.0	0.0	0.0	0.0	0.0	0.0	0.0	0.0	0.0	0.0	0.0	0.0	0.0	0.0	0.0	0.0	0.0	0.0	0.0	0.0	0.0	0.0	0.0	0.0	0.0	0.0	0.0	0.0	0.0	0.0	0.0	0.0	0.0	0.0	0.0	0.0	0.0	0.0	0.0	0.0	0.0	0.0	0.0	0.0	1.0	0.0	1.0	0.0	0.0	0.0	0.0	0.0	0.0	0.0	0.0	0.0	0.0	0.0	0.0	0.0	0.0	0.0	0.0	0.0	0.0	0.0	0.0	0.0	0.0	0.0	0.0	0.0	0.0	0.0	0.0	0.0	0.0	0.0	0.0	0.0	0.0	0.0	0.0	0.0	0.0	0.0	0.0	0.0	0.0	0.0	0.0	0.0	0.0	0.0	0.0	0.0	0.0	0.0	0.0	0.0	0.0	0.0	0.0	0.0	0.0	0.0	0.0	0.0	0.0	0.0	0.0	0.0	0.0	0.0	0.0	0.0	0.0	0.0	0.0	0.0	0.0	0.0	0.0	0.0	0.0	0.0	0.0	0.0	0.0	0.0	0.0	0.0	0.0	0.0	0.0	0.0	0.0	0.0	0.0	0.0	0.0	0.0	0.0	0.0	0.0	0.0	0.0	0.0	0.0	0.0	0.0	0.0	0.0	0.0	0.0	0.0	0.0	0.0	0.0	0.0	0.0	0.0	0.0	0.0	0.0	0.0	0.0	0.0	0.0	0.0	0.0	0.0	0.0	0.0	0.0	0.0	0.0	0.0	0.0	0.0	0.0	0.0	0.0	0.0	0.0	0.0	0.0	0.0	0.0	0.0	0.0	0.0	0.0	0.0	0.0	0.0	0.0	0.0	0.0	0.0	0.0	0.0	0.0	0.0	0.0	0.0	0.0	0.0	0.0	0.0	0.0	0.0	0.0	0.0	0.0	0.0	0.0	0.0	0.0	0.0	0.0	0.0	0.0	0.0	0.0	0.0	0.0	0.0	0.0	0.0	0.0	0.0	0.0	0.0	0.0	0.0	0.0	0.0	0.0	0.0	0.0	0.0	0.0	0.0	0.0	0.0	0.0	0.0	0.0	0.0	0.0	0.0	0.0	0.0	0.0	0.0	0.0	0.0	0.0	0.0	0.0	0.0	0.0	0.0	0.0	0.0	0.0	0.0	0.0	0.0	0.0	0.0	0.0	0.0	0.0	0.0	0.0	0.0	0.0	0.0	0.0	0.0	0.0	0.0	0.0	0.0	0.0	0.0	0.0	0.0	0.0	0.0	0.0	0.0	0.0	0.0	0.0	0.0	0.0	0.0	0.0	0.0	0.0	0.0	0.0	0.0	0.0	0.0	0.0	0.0	0.0	0.0	0.0	0.0	0.0	0.0	0.0	0.0	0.0	0.0	0.0	0.0	0.0	0.0	0.0	0.0	0.0	0.0	0.0	0.0	0.0	0.0	0.0	0.0	0.0	0.0	0.0	0.0	0.0	0.0	0.0	0.0	0.0	0.0	0.0	0.0	0.0	0.0	0.0	0.0	0.0	0.0	0.0	0.0	0.0	0.0	0.0	0.0	0.0	0.0	0.0	0.0	0.0	0.0	0.0	1.0	0.0	0.0	0.0	0.0	0.0	0.0	0.0	0.0	0.0	0.0	0.0	0.0	0.0	0.0	0.0	0.0	0.0	0.0	0.0	0.0	0.0	0.0	0.0	0.0	0.0	0.0	0.0	0.0	0.0	0.0	0.0	0.0	0.0	0.0	0.0	0.0	0.0	0.0	0.0	0.0	0.0	0.0	0.0	0.0	0.0	0.0	0.0	0.0	0.0	0.0	0.0	0.0	0.0	0.0	0.0	0.0	0.0	0.0	0.0	0.0	0.0	0.0	0.0	0.0	0.0	0.0	0.0	0.0	0.0	0.0	0.0	0.0	0.0	0.0	0.0	0.0	0.0	0.0	0.0	0.0	0.0	0.0	0.0	0.0	0.0	0.0	0.0	0.0	0.0	0.0	0.0	0.0	0.0	0.0	0.0	0.0	0.0	0.0	0.0	0.0	0.0	0.0	0.0	0.0	0.0	0.0	0.0	0.0	0.0	0.0	0.0	0.0	0.0	0.0	0.0	0.0	0.0	0.0	0.0	0.0	0.0	0.0	0.0	0.0	0.0	0.0	0.0	0.0	0.0	0.0	0.0	0.0	0.0	0.0	0.0	0.0	0.0	0.0	0.0	0.0	0.0	0.0	0.0	0.0	0.0	0.0	0.0	0.0	0.0	0.0	0.0	0.0
c028	0.0	0.0	0.0	0.0	0.0	0.0	0.0	0.0	0.0	0.0	0.0	0.0	0.0	0.0	0.0	0.0	0.0	0.0	0.0	0.0	0.0	0.0	0.0	0.0	0.0	0.0	0.0	0.0	0.0	0.0	0.0	0.0	0.0	0.0	0.0	0.0	0.0	0.0	0.0	0.0	0.0	0.0	0.0	0.0	0.0	0.0	0.0	0.0	0.0	0.0	0.0	0.0	0.0	0.0	0.0	0.0	0.0	0.0	0.0	0.0	0.0	0.0	0.0	0.0	0.0	0.0	0.0	0.0	0.0	0.0	0.0	0.0	0.0	0.0	0.0	0.0	0.0	0.0	0.0	0.0	0.0	0.0	0.0	0.0	0.0	0.0	0.0	0.0	0.0	0.0	0.0	0.0	0.0	0.0	0.0	0.0	0.0	0.0	0.0	0.0	0.0	0.0	0.0	0.0	0.0	0.0	0.0	0.0	0.0	0.0	0.0	0.0	0.0	0.0	0.0	0.0	0.0	0.0	0.0	0.0	0.0	0.0	0.0	0.0	0.0	0.0	0.0	0.0	0.0	0.0	0.0	0.0	0.0	0.0	0.0	0.0	0.0	0.0	0.0	0.0	0.0	0.0	0.0	0.0	0.0	0.0	0.0	0.0	0.0	0.0	0.0	0.0	0.0	0.0	0.0	0.0	0.0	0.0	0.0	0.0	0.0	0.0	0.0	0.0	0.0	0.0	0.0	0.0	0.0	0.0	0.0	0.0	0.0	0.0	0.0	0.0	0.0	0.0	0.0	0.0	0.0	0.0	0.0	0.0	0.0	0.0	0.0	0.0	0.0	0.0	0.0	0.0	0.0	0.0	0.0	0.0	0.0	0.0	0.0	0.0	0.0	0.0	0.0	0.0	0.0	0.0	0.0	0.0	0.0	0.0	0.0	0.0	0.0	0.0	0.0	1.0	0.0	0.0	0.0	0.0	0.0	0.0	0.0	0.0	0.0	0.0	0.0	0.0	0.0	1.0	0.0	0.0	0.0	0.0	0.0	0.0	0.0	0.0	0.0	0.0	0.0	0.0	0.0	0.0	0.0	0.0	0.0	0.0	0.0	0.0	0.0	0.0	0.0	0.0	0.0	0.0	0.0	0.0	0.0	0.0	0.0	0.0	0.0	0.0	0.0	0.0	0.0	0.0	0.0	0.0	0.0	0.0	0.0	0.0	0.0	0.0	0.0	0.0	0.0	0.0	0.0	0.0	0.0	0.0	0.0	0.0	0.0	1.0	0.0	0.0	0.0	0.0	0.0	0.0	0.0	0.0	0.0	0.0	0.0	0.0	0.0	0.0	0.0	0.0	0.0	0.0	0.0	0.0	0.0	0.0	0.0	0.0	0.0	0.0	0.0	0.0	0.0	0.0	0.0	0.0	0.0	0.0	0.0	0.0	0.0	0.0	0.0	0.0	0.0	1.0	0.0	0.0	0.0	0.0	0.0	0.0	0.0	0.0	0.0	0.0	0.0	1.0	0.0	0.0	0.0	0.0	0.0	0.0	0.0	0.0	0.0	0.0	0.0	0.0	0.0	0.0	0.0	0.0	0.0	0.0	0.0	0.0	0.0	0.0	0.0	0.0	0.0	0.0	0.0	0.0	0.0	0.0	0.0	0.0	0.0	0.0	0.0	0.0	0.0	0.0	0.0	0.0	0.0	0.0	0.0	0.0	0.0	0.0	0.0	0.0	0.0	0.0	0.0	0.0	1.0	0.0	0.0	0.0	0.0	0.0	0.0	0.0	0.0	0.0	0.0	0.0	0.0	0.0	0.0	0.0	0.0	0.0	0.0	0.0	0.0	0.0	0.0	0.0	0.0	0.0	0.0	0.0	0.0	0.0	0.0	0.0	0.0	0.0	0.0	0.0	0.0	0.0	0.0	0.0	0.0	0.0	0.0	0.0	0.0	0.0	0.0	0.0	0.0	0.0	0.0	0.0	1.0	0.0	0.0	0.0	0.0	0.0	0.0	0.0	0.0	0.0	0.0	0.0	0.0	0.0	0.0	0.0	0.0	0.0	0.0	0.0	0.0	0.0	0.0	0.0	0.0	0.0	0.0	0.0	0.0	0.0	0.0	0.0	0.0	0.0	0.0	0.0	0.0	0.0	0.0	0.0	0.0	0.0	0.0	0.0	0.0	0.0	0.0	0.0	0.0	0.0	0.0	0.0	0.0	0.0	0.0	0.0	0.0	0.0	0.0	0.0	0.0	0.0	0.0	0.0	0.0	0.0	0.0	0.0	0.0	0.0	0.0	0.0	0.0	0.0	0.0	0.0	0.0	0.0	0.0	0.0	0.0	0.0	0.0	0.0	0.0	0.0	0.0	0.0	0.0	0.0	0.0	0.0	0.0	0.0	0.0	0.0	0.0	0.0	0.0	0.0	0.0	0.0	0.0	0.0	0.0	0.0	0.0	0.0	0.0	0.0	0.0	0.0	0.0	0.0	0.0	0.0	0.0	0.0	0.0	0.0	0.0	0.0	0.0	0.0	0.0	0.0	0.0	0.0	0.0	0.0	0.0	0.0	0.0	0.0	0.0	0.0	0.0	0.0	0.0	0.0	0.0	0.0	0.0	0.0	0.0	0.0	0.0	0.0	0.0	0.0	0.0	0.0	0.0	0.0	0.0	0.0	0.0	0.0	0.0	0.0	0.0	0.0	0.0	0.0	0.0	0.0	0.0	0.0	0.0	0.0	0.0	0.0	0.0	0.0	0.0	0.0	0.0	0.0	0.0	0.0	0.0	0.0	0.0	0.0	0.0	0.0	0.0	0.0	0.0	0.0	0.0	0.0	0.0	0.0	0.0	0.0	0.0	0.0	0.0	0.0	0.0	0.0	0.0	0.0	0.0	0.0	0.0	0.0	0.0	0.0	0.0	0.0	0.0	0.0	0.0	0.0	0.0	0.0	0.0	0.0	0.0	0.0	0.0	0.0	0.0	0.0	0.0	0.0	0.0	0.0	0.0	0.0	0.0	0.0	0.0	0.0	0.0	0.0	0.0	0.0	0.0	0.0	0.0	0.0	0.0	0.0	0.0	0.0	0.0	0.0	0.0	0.0	0.0	0.0	0.0	0.0	0.0	0.0	0.0	0.0	0.0	0.0	0.0	0.0	0.0	0.0	0.0	0.0	0.0	0.0	0.0	0.0	0.0	0.0	0.0	0.0	1.0	0.0	0.0	0.0	0.0	0.0	0.0	0.0	0.0	0.0	0.0	0.0	0.0	0.0	0.0	0.0	0.0	0.0	0.0	0.0	0.0	0.0	0.0	0.0	0.0	0.0	0.0	0.0	0.0	0.0	0.0	0.0	0.0	0.0	0.0	0.0	0.0	0.0	0.0	0.0	0.0
c029	0.0	0.0	0.0	0.0	0.0	0.0	0.0	0.0	0.0	0.0	0.0	0.0	0.0	0.0	0.0	0.0	0.0	0.0	0.0	0.0	0.0	0.0	0.0	0.0	0.0	0.0	0.0	0.0	0.0	0.0	0.0	0.0	0.0	0.0	0.0	0.0	0.0	0.0	0.0	0.0	0.0	0.0	0.0	0.0	0.0	0.0	0.0	0.0	0.0	0.0	0.0	0.0	0.0	0.0	0.0	0.0	0.0	0.0	0.0	0.0	0.0	0.0	0.0	0.0	0.0	0.0	0.0	0.0	0.0	0.0	0.0	0.0	0.0	0.0	0.0	0.0	0.0	0.0	0.0	0.0	0.0	0.0	0.0	0.0	0.0	0.0	0.0	0.0	0.0	0.0	0.0	0.0	0.0	0.0	0.0	0.0	0.0	0.0	0.0	0.0	0.0	0.0	0.0	0.0	0.0	0.0	0.0	0.0	0.0	0.0	0.0	0.0	0.0	0.0	0.0	0.0	0.0	0.0	0.0	0.0	0.0	0.0	0.0	0.0	0.0	0.0	0.0	0.0	0.0	0.0	0.0	0.0	0.0	0.0	0.0	0.0	0.0	0.0	0.0	0.0	0.0	0.0	0.0	0.0	0.0	0.0	0.0	0.0	0.0	0.0	0.0	0.0	0.0	0.0	0.0	0.0	0.0	0.0	0.0	0.0	0.0	0.0	0.0	0.0	0.0	0.0	0.0	0.0	0.0	0.0	0.0	0.0	0.0	0.0	0.0	0.0	0.0	0.0	0.0	0.0	0.0	0.0	0.0	0.0	0.0	0.0	0.0	0.0	0.0	0.0	0.0	0.0	0.0	0.0	0.0	0.0	0.0	0.0	0.0	0.0	0.0	0.0	0.0	0.0	0.0	0.0	0.0	0.0	0.0	0.0	0.0	0.0	0.0	0.0	0.0	0.0	0.0	0.0	0.0	0.0	0.0	0.0	0.0	0.0	0.0	0.0	0.0	0.0	0.0	1.0	0.0	0.0	1.0	0.0	0.0	0.0	0.0	0.0	0.0	0.0	0.0	0.0	0.0	0.0	0.0	0.0	0.0	0.0	0.0	0.0	0.0	0.0	0.0	0.0	0.0	0.0	0.0	0.0	0.0	0.0	0.0	0.0	0.0	0.0	0.0	0.0	0.0	0.0	0.0	0.0	0.0	0.0	0.0	0.0	0.0	0.0	0.0	0.0	0.0	0.0	0.0	0.0	0.0	0.0	0.0	0.0	0.0	0.0	0.0	0.0	0.0	0.0	0.0	0.0	0.0	0.0	0.0	0.0	0.0	0.0	0.0	0.0	0.0	0.0	0.0	0.0	0.0	0.0	0.0	0.0	0.0	0.0	0.0	0.0	0.0	0.0	0.0	0.0	0.0	0.0	0.0	0.0	0.0	0.0	0.0	0.0	0.0	0.0	0.0	0.0	0.0	0.0	0.0	0.0	0.0	0.0	0.0	0.0	0.0	0.0	0.0	0.0	0.0	0.0	0.0	0.0	0.0	0.0	0.0	0.0	0.0	0.0	0.0	0.0	0.0	0.0	0.0	0.0	0.0	0.0	0.0	0.0	0.0	0.0	0.0	0.0	0.0	0.0	0.0	0.0	0.0	0.0	0.0	0.0	0.0	0.0	0.0	0.0	0.0	0.0	0.0	0.0	0.0	0.0	0.0	0.0	0.0	0.0	0.0	0.0	0.0	0.0	0.0	0.0	0.0	0.0	0.0	0.0	0.0	0.0	0.0	0.0	0.0	0.0	0.0	0.0	0.0	0.0	0.0	0.0	0.0	0.0	0.0	0.0	0.0	0.0	0.0	0.0	0.0	0.0	0.0	0.0	0.0	0.0	0.0	0.0	0.0	0.0	0.0	0.0	0.0	0.0	0.0	0.0	0.0	0.0	0.0	0.0	0.0	0.0	0.0	0.0	0.0	0.0	0.0	0.0	0.0	0.0	0.0	0.0	0.0	0.0	0.0	0.0	0.0	0.0	0.0	0.0	0.0	0.0	0.0	0.0	0.0	0.0	0.0	0.0	0.0	0.0	0.0	0.0	0.0	0.0	0.0	0.0	0.0	0.0	0.0	0.0	0.0	0.0	0.0	0.0	0.0	0.0	0.0	0.0	0.0	0.0	0.0	0.0	0.0	0.0	0.0	0.0	0.0	0.0	0.0	0.0	0.0	0.0	0.0	0.0	0.0	0.0	0.0	0.0	0.0	0.0	0.0	0.0	0.0	0.0	0.0	0.0	0.0	0.0	0.0	0.0	0.0	0.0	0.0	0.0	0.0	0.0	0.0	0.0	0.0	0.0	0.0	0.0	0.0	0.0	0.0	0.0	0.0	0.0	0.0	0.0	0.0	0.0	0.0	0.0	0.0	0.0	0.0	0.0	0.0	0.0	0.0	0.0	0.0	0.0	0.0	0.0	0.0	0.0	0.0	1.0	0.0	0.0	0.0	0.0	0.0	0.0	0.0	0.0	0.0	0.0	0.0	0.0	0.0	0.0	0.0	0.0	0.0	0.0	0.0	0.0	0.0	0.0	0.0	0.0	0.0	0.0	0.0	0.0	0.0	0.0	0.0	0.0	0.0	0.0	0.0	0.0	0.0	0.0	0.0	0.0	0.0	0.0	0.0	0.0	0.0	0.0	0.0	0.0	0.0	0.0	0.0	0.0	0.0	0.0	0.0	0.0	0.0	0.0	0.0	0.0	0.0	0.0	0.0	0.0	0.0	0.0	0.0	0.0	0.0	0.0	0.0	0.0	0.0	0.0	0.0	0.0	0.0	0.0	0.0	0.0	0.0	0.0	0.0	0.0	0.0	0.0	0.0	0.0	0.0	0.0	0.0	0.0	0.0	0.0	0.0	0.0	0.0	0.0	0.0	0.0	0.0	0.0	0.0	0.0	0.0	0.0	0.0	0.0	0.0	0.0	0.0	0.0	0.0	0.0	0.0	0.0	0.0	0.0	0.0	0.0	0.0	0.0	0.0	0.0	0.0	0.0	0.0	0.0	0.0	0.0	0.0	0.0	0.0	0.0	0.0	0.0	0.0	0.0	0.0	0.0	0.0	0.0	0.0	0.0	0.0	0.0	0.0	0.0	0.0	0.0	0.0	0.0	0.0	0.0	0.0	0.0	0.0	0.0	0.0	0.0	0.0	0.0	0.0	0.0	0.0	0.0	0.0	0.0	0.0	0.0	0.0	0.0	0.0	0.0	0.0	0.0	0.0	0.0	0.0	0.0	0.0	0.0	0.0	0.0	0.0	0.0	0.0	0.0	0.0	0.0	0.0	0.0	0.0	0.0	0.0	0.0	0.0	0.0	0.0	0.0	0.0	0.0	0.0	0.0	0.0
c048	0.0	0.0	0.0	0.0	0.0	0.0	0.0	0.0	0.0	0.0	0.0	0.0	0.0	0.0	0.0	0.0	0.0	0.0	0.0	0.0	0.0	0.0	0.0	0.0	0.0	0.0	0.0	0.0	0.0	0.0	0.0	0.0	0.0	0.0	0.0	0.0	0.0	0.0	0.0	0.0	0.0	0.0	0.0	0.0	0.0	0.0	0.0	0.0	0.0	0.0	0.0	0.0	0.0	0.0	0.0	0.0	0.0	0.0	0.0	0.0	0.0	0.0	0.0	0.0	0.0	0.0	0.0	0.0	0.0	0.0	0.0	0.0	0.0	0.0	0.0	0.0	0.0	0.0	0.0	0.0	0.0	0.0	0.0	0.0	0.0	0.0	0.0	0.0	0.0	0.0	0.0	0.0	0.0	0.0	0.0	0.0	0.0	0.0	0.0	0.0	0.0	0.0	0.0	0.0	0.0	0.0	0.0	0.0	0.0	0.0	0.0	0.0	0.0	0.0	0.0	0.0	0.0	0.0	0.0	0.0	1.0	0.0	0.0	0.0	0.0	0.0	0.0	0.0	0.0	0.0	0.0	0.0	0.0	0.0	0.0	0.0	0.0	0.0	0.0	0.0	0.0	0.0	0.0	0.0	0.0	0.0	0.0	0.0	0.0	0.0	0.0	0.0	0.0	0.0	0.0	0.0	0.0	0.0	0.0	0.0	0.0	0.0	0.0	0.0	0.0	0.0	1.0	0.0	0.0	0.0	0.0	0.0	0.0	0.0	0.0	0.0	0.0	0.0	0.0	0.0	0.0	0.0	0.0	0.0	0.0	0.0	0.0	0.0	0.0	0.0	0.0	0.0	0.0	0.0	0.0	0.0	0.0	0.0	0.0	0.0	0.0	0.0	0.0	0.0	0.0	0.0	0.0	0.0	0.0	0.0	0.0	0.0	0.0	0.0	0.0	0.0	0.0	0.0	0.0	0.0	0.0	0.0	0.0	0.0	0.0	0.0	0.0	0.0	0.0	0.0	0.0	0.0	0.0	0.0	0.0	0.0	0.0	0.0	0.0	0.0	0.0	0.0	0.0	0.0	0.0	0.0	0.0	0.0	0.0	0.0	0.0	0.0	0.0	0.0	0.0	0.0	0.0	0.0	0.0	0.0	0.0	0.0	0.0	0.0	0.0	0.0	0.0	0.0	0.0	0.0	0.0	0.0	0.0	0.0	0.0	0.0	0.0	0.0	0.0	0.0	0.0	0.0	0.0	0.0	0.0	0.0	0.0	0.0	0.0	0.0	0.0	0.0	0.0	0.0	0.0	0.0	0.0	0.0	0.0	0.0	0.0	0.0	0.0	0.0	0.0	0.0	0.0	0.0	0.0	0.0	0.0	0.0	0.0	0.0	0.0	0.0	0.0	0.0	0.0	0.0	0.0	0.0	0.0	0.0	0.0	0.0	0.0	0.0	0.0	0.0	0.0	0.0	0.0	0.0	0.0	0.0	0.0	0.0	0.0	0.0	0.0	0.0	0.0	0.0	0.0	0.0	0.0	0.0	0.0	0.0	0.0	1.0	0.0	0.0	0.0	0.0	0.0	0.0	0.0	0.0	0.0	0.0	0.0	0.0	0.0	0.0	0.0	0.0	0.0	0.0	0.0	0.0	0.0	0.0	0.0	0.0	0.0	0.0	0.0	0.0	0.0	0.0	0.0	0.0	0.0	0.0	0.0	0.0	0.0	0.0	0.0	0.0	0.0	0.0	0.0	0.0	0.0	0.0	0.0	0.0	0.0	0.0	0.0	0.0	0.0	0.0	0.0	0.0	0.0	0.0	0.0	0.0	0.0	0.0	0.0	0.0	0.0	0.0	0.0	0.0	0.0	0.0	0.0	0.0	0.0	0.0	0.0	0.0	0.0	0.0	0.0	0.0	0.0	0.0	0.0	0.0	0.0	0.0	0.0	0.0	0.0	0.0	0.0	0.0	0.0	0.0	0.0	0.0	0.0	0.0	0.0	0.0	0.0	0.0	0.0	0.0	0.0	0.0	0.0	0.0	0.0	0.0	0.0	0.0	0.0	0.0	0.0	0.0	0.0	0.0	0.0	0.0	0.0	0.0	0.0	0.0	0.0	0.0	0.0	0.0	0.0	0.0	0.0	0.0	0.0	0.0	0.0	0.0	0.0	0.0	0.0	0.0	0.0	0.0	0.0	0.0	0.0	0.0	0.0	0.0	0.0	0.0	0.0	0.0	0.0	0.0	0.0	0.0	0.0	0.0	0.0	0.0	0.0	0.0	0.0	0.0	0.0	0.0	0.0	0.0	0.0	0.0	0.0	0.0	0.0	0.0	0.0	0.0	0.0	0.0	0.0	0.0	0.0	0.0	0.0	0.0	0.0	0.0	0.0	0.0	0.0	0.0	0.0	0.0	0.0	0.0	0.0	0.0	0.0	0.0	0.0	0.0	0.0	0.0	0.0	0.0	0.0	0.0	0.0	0.0	0.0	0.0	0.0	0.0	0.0	0.0	0.0	0.0	0.0	0.0	0.0	0.0	0.0	0.0	0.0	0.0	0.0	0.0	0.0	0.0	0.0	0.0	0.0	0.0	0.0	0.0	0.0	0.0	0.0	0.0	0.0	0.0	0.0	0.0	0.0	0.0	0.0	0.0	0.0	0.0	0.0	0.0	0.0	0.0	0.0	0.0	0.0	0.0	0.0	0.0	0.0	0.0	0.0	0.0	0.0	0.0	0.0	0.0	0.0	0.0	0.0	0.0	0.0	0.0	0.0	0.0	0.0	0.0	0.0	0.0	0.0	0.0	0.0	0.0	0.0	0.0	0.0	0.0	0.0	0.0	0.0	0.0	0.0	0.0	0.0	0.0	0.0	0.0	0.0	0.0	0.0	0.0	0.0	0.0	0.0	0.0	0.0	0.0	0.0	0.0	0.0	0.0	0.0	0.0	0.0	0.0	0.0	0.0	0.0	0.0	0.0	0.0	0.0	0.0	0.0	0.0	0.0	0.0	0.0	0.0	0.0	0.0	0.0	0.0	0.0	0.0	0.0	0.0	0.0	0.0	0.0	0.0	0.0	0.0	0.0	0.0	0.0	0.0	0.0	0.0	0.0	0.0	0.0	0.0	0.0	0.0	0.0	0.0	0.0	0.0	0.0	0.0	0.0	0.0	0.0	0.0	0.0	0.0	0.0	0.0	0.0	0.0	0.0	0.0	0.0	0.0	0.0	0.0	0.0	0.0	0.0	0.0	0.0	0.0	0.0	0.0	0.0	0.0	0.0	0.0	0.0	0.0	0.0	0.0	0.0	0.0	0.0	0.0	0.0	0.0	0.0	0.0	0.0	0.0	0.0	0.0	0.0	0.0	0.0	0.0	0.0	0.0	0.0
c051	0.0	0.0	0.0	0.0	0.0	0.0	0.0	0.0	0.0	0.0	0.0	0.0	0.0	0.0	0.0	0.0	0.0	0.0	0.0	0.0	0.0	0.0	0.0	0.0	0.0	0.0	0.0	0.0	0.0	0.0	0.0	0.0	0.0	0.0	0.0	0.0	0.0	0.0	0.0	0.0	0.0	0.0	0.0	0.0	0.0	0.0	0.0	0.0	0.0	0.0	0.0	0.0	0.0	0.0	0.0	0.0	0.0	0.0	0.0	1.0	0.0	0.0	0.0	0.0	0.0	0.0	0.0	0.0	0.0	0.0	0.0	0.0	0.0	0.0	0.0	0.0	0.0	0.0	0.0	0.0	0.0	0.0	0.0	1.0	0.0	0.0	0.0	0.0	0.0	0.0	0.0	0.0	0.0	0.0	0.0	0.0	0.0	0.0	0.0	0.0	0.0	0.0	0.0	1.0	0.0	0.0	0.0	0.0	0.0	0.0	0.0	0.0	0.0	0.0	0.0	0.0	0.0	0.0	0.0	0.0	0.0	0.0	0.0	0.0	0.0	0.0	0.0	0.0	0.0	0.0	0.0	0.0	0.0	0.0	0.0	0.0	0.0	0.0	0.0	0.0	0.0	0.0	0.0	0.0	0.0	1.0	0.0	0.0	0.0	0.0	0.0	0.0	0.0	0.0	0.0	0.0	0.0	0.0	0.0	0.0	0.0	0.0	0.0	0.0	0.0	0.0	0.0	0.0	0.0	0.0	0.0	0.0	0.0	0.0	0.0	0.0	0.0	0.0	0.0	0.0	0.0	0.0	0.0	0.0	0.0	0.0	0.0	0.0	0.0	0.0	0.0	0.0	0.0	0.0	0.0	0.0	0.0	0.0	0.0	0.0	0.0	0.0	0.0	0.0	0.0	0.0	0.0	0.0	0.0	0.0	0.0	1.0	0.0	0.0	0.0	0.0	0.0	0.0	1.0	0.0	0.0	0.0	1.0	0.0	0.0	0.0	0.0	0.0	0.0	0.0	0.0	0.0	0.0	0.0	0.0	0.0	0.0	0.0	0.0	0.0	0.0	0.0	0.0	0.0	0.0	0.0	0.0	0.0	0.0	0.0	0.0	0.0	0.0	0.0	0.0	0.0	0.0	0.0	0.0	0.0	0.0	0.0	0.0	0.0	0.0	0.0	0.0	0.0	0.0	0.0	0.0	0.0	0.0	0.0	0.0	0.0	0.0	0.0	0.0	0.0	0.0	0.0	0.0	0.0	0.0	0.0	0.0	0.0	0.0	0.0	0.0	0.0	0.0	0.0	0.0	0.0	0.0	0.0	0.0	0.0	0.0	0.0	0.0	0.0	0.0	0.0	0.0	0.0	0.0	0.0	0.0	0.0	0.0	0.0	0.0	0.0	0.0	0.0	0.0	0.0	0.0	0.0	0.0	0.0	0.0	0.0	0.0	0.0	0.0	0.0	0.0	0.0	0.0	0.0	0.0	0.0	0.0	0.0	0.0	0.0	0.0	0.0	0.0	0.0	0.0	0.0	0.0	0.0	0.0	0.0	0.0	0.0	0.0	0.0	0.0	0.0	0.0	0.0	0.0	0.0	0.0	0.0	0.0	0.0	0.0	0.0	0.0	0.0	0.0	0.0	0.0	0.0	0.0	0.0	0.0	0.0	0.0	1.0	0.0	0.0	0.0	0.0	0.0	0.0	0.0	0.0	1.0	0.0	0.0	0.0	0.0	0.0	0.0	0.0	0.0	0.0	0.0	0.0	0.0	0.0	0.0	0.0	0.0	0.0	0.0	0.0	0.0	0.0	0.0	0.0	0.0	0.0	0.0	0.0	0.0	0.0	0.0	0.0	0.0	0.0	0.0	0.0	0.0	0.0	0.0	0.0	0.0	0.0	0.0	1.0	0.0	0.0	0.0	0.0	0.0	0.0	0.0	0.0	0.0	0.0	0.0	0.0	0.0	0.0	0.0	0.0	0.0	0.0	0.0	0.0	0.0	0.0	0.0	0.0	0.0	0.0	0.0	0.0	0.0	0.0	0.0	0.0	0.0	0.0	0.0	0.0	0.0	0.0	0.0	0.0	0.0	0.0	0.0	0.0	0.0	0.0	0.0	0.0	0.0	0.0	0.0	0.0	0.0	0.0	0.0	0.0	0.0	0.0	0.0	0.0	0.0	0.0	0.0	0.0	0.0	0.0	0.0	0.0	0.0	0.0	0.0	0.0	0.0	0.0	0.0	0.0	0.0	0.0	0.0	0.0	0.0	0.0	0.0	0.0	0.0	0.0	0.0	0.0	0.0	0.0	0.0	0.0	0.0	0.0	0.0	0.0	0.0	0.0	0.0	0.0	0.0	0.0	0.0	0.0	0.0	0.0	0.0	0.0	0.0	0.0	0.0	0.0	0.0	0.0	0.0	0.0	0.0	0.0	0.0	0.0	0.0	0.0	0.0	0.0	0.0	0.0	0.0	0.0	0.0	0.0	0.0	0.0	0.0	0.0	0.0	0.0	0.0	0.0	0.0	0.0	0.0	0.0	0.0	0.0	0.0	0.0	0.0	0.0	0.0	0.0	0.0	0.0	0.0	0.0	0.0	0.0	0.0	0.0	0.0	0.0	0.0	0.0	0.0	0.0	0.0	0.0	0.0	0.0	0.0	0.0	0.0	0.0	0.0	0.0	0.0	0.0	0.0	0.0	0.0	0.0	0.0	0.0	0.0	0.0	0.0	0.0	0.0	0.0	0.0	0.0	0.0	0.0	0.0	0.0	0.0	0.0	0.0	0.0	0.0	0.0	0.0	0.0	0.0	0.0	0.0	0.0	0.0	0.0	0.0	0.0	0.0	0.0	0.0	0.0	0.0	0.0	0.0	0.0	0.0	0.0	0.0	0.0	0.0	0.0	0.0	0.0	0.0	0.0	0.0	0.0	0.0	0.0	0.0	0.0	0.0	0.0	0.0	0.0	0.0	1.0	0.0	0.0	0.0	0.0	0.0	0.0	0.0	0.0	0.0	0.0	0.0	0.0	0.0	0.0	0.0	0.0	0.0	0.0	0.0	0.0	0.0	0.0	0.0	0.0	0.0	0.0	0.0	0.0	0.0	0.0	0.0	0.0	0.0	0.0	0.0	0.0	0.0	0.0	0.0	0.0	0.0	0.0	0.0	0.0	0.0	0.0	0.0	0.0	0.0	0.0	0.0	0.0	0.0	0.0	0.0	0.0	0.0	0.0	0.0	0.0	0.0	0.0	0.0	0.0	0.0	0.0	0.0	0.0	0.0	0.0	0.0	0.0	0.0	0.0	0.0	0.0	0.0	0.0	0.0	0.0	0.0	0.0	0.0	0.0	0.0	0.0	0.0	0.0	0.0	0.0	0.0	0.0	0.0
c052	0.0	0.0	0.0	0.0	0.0	0.0	0.0	0.0	0.0	0.0	0.0	0.0	0.0	0.0	0.0	0.0	0.0	0.0	0.0	0.0	0.0	0.0	0.0	0.0	0.0	0.0	0.0	0.0	0.0	0.0	0.0	0.0	0.0	0.0	0.0	0.0	0.0	0.0	0.0	0.0	0.0	0.0	0.0	0.0	0.0	0.0	0.0	0.0	0.0	0.0	0.0	0.0	0.0	0.0	0.0	0.0	0.0	0.0	0.0	0.0	0.0	0.0	0.0	0.0	0.0	0.0	0.0	0.0	0.0	0.0	0.0	0.0	0.0	0.0	0.0	0.0	0.0	0.0	0.0	0.0	0.0	0.0	0.0	0.0	0.0	0.0	0.0	0.0	0.0	0.0	0.0	0.0	0.0	0.0	0.0	0.0	0.0	0.0	0.0	0.0	0.0	0.0	0.0	0.0	0.0	0.0	0.0	0.0	0.0	0.0	0.0	0.0	0.0	0.0	0.0	0.0	0.0	0.0	0.0	0.0	0.0	0.0	0.0	0.0	0.0	0.0	0.0	0.0	0.0	0.0	0.0	0.0	0.0	0.0	0.0	0.0	0.0	0.0	0.0	0.0	0.0	0.0	0.0	0.0	0.0	0.0	0.0	0.0	0.0	0.0	0.0	0.0	0.0	0.0	0.0	0.0	0.0	0.0	0.0	0.0	0.0	0.0	0.0	0.0	0.0	0.0	0.0	0.0	0.0	0.0	0.0	0.0	0.0	0.0	0.0	0.0	0.0	0.0	0.0	0.0	0.0	0.0	0.0	0.0	0.0	0.0	0.0	0.0	0.0	0.0	0.0	0.0	0.0	0.0	0.0	0.0	0.0	0.0	1.0	0.0	0.0	0.0	0.0	0.0	0.0	0.0	0.0	0.0	0.0	0.0	0.0	0.0	0.0	0.0	0.0	0.0	0.0	0.0	0.0	0.0	0.0	0.0	0.0	0.0	0.0	0.0	0.0	0.0	0.0	0.0	0.0	0.0	0.0	0.0	0.0	0.0	0.0	0.0	0.0	0.0	0.0	0.0	0.0	0.0	0.0	0.0	0.0	0.0	0.0	0.0	0.0	0.0	0.0	0.0	0.0	0.0	0.0	0.0	0.0	0.0	0.0	0.0	0.0	0.0	0.0	0.0	0.0	0.0	0.0	0.0	0.0	0.0	0.0	0.0	0.0	0.0	0.0	0.0	0.0	0.0	0.0	0.0	0.0	0.0	0.0	0.0	0.0	0.0	0.0	0.0	0.0	0.0	0.0	0.0	0.0	0.0	0.0	0.0	0.0	0.0	0.0	0.0	0.0	0.0	0.0	0.0	0.0	1.0	1.0	0.0	0.0	0.0	0.0	0.0	1.0	0.0	0.0	0.0	0.0	0.0	0.0	0.0	0.0	0.0	0.0	0.0	0.0	0.0	0.0	0.0	0.0	0.0	0.0	0.0	0.0	0.0	0.0	0.0	0.0	0.0	0.0	0.0	0.0	0.0	0.0	0.0	0.0	0.0	0.0	0.0	0.0	0.0	0.0	0.0	0.0	0.0	0.0	0.0	0.0	0.0	0.0	0.0	0.0	0.0	0.0	0.0	0.0	0.0	0.0	0.0	0.0	0.0	0.0	0.0	0.0	0.0	0.0	0.0	0.0	0.0	0.0	0.0	0.0	0.0	0.0	0.0	0.0	0.0	0.0	0.0	0.0	0.0	0.0	0.0	0.0	0.0	0.0	0.0	0.0	0.0	0.0	0.0	0.0	0.0	0.0	0.0	0.0	0.0	0.0	0.0	0.0	0.0	0.0	0.0	0.0	0.0	0.0	0.0	0.0	0.0	0.0	0.0	0.0	0.0	0.0	0.0	0.0	0.0	0.0	0.0	0.0	0.0	0.0	0.0	0.0	0.0	0.0	0.0	0.0	0.0	0.0	0.0	0.0	0.0	0.0	0.0	0.0	0.0	0.0	0.0	0.0	0.0	0.0	0.0	0.0	0.0	0.0	0.0	0.0	0.0	0.0	0.0	0.0	0.0	0.0	0.0	0.0	0.0	0.0	0.0	0.0	0.0	0.0	0.0	0.0	0.0	0.0	0.0	0.0	0.0	0.0	0.0	0.0	0.0	0.0	0.0	0.0	0.0	0.0	0.0	0.0	0.0	0.0	0.0	0.0	0.0	0.0	0.0	0.0	1.0	0.0	0.0	0.0	0.0	0.0	0.0	0.0	0.0	0.0	0.0	0.0	0.0	0.0	0.0	0.0	0.0	0.0	0.0	0.0	0.0	0.0	0.0	0.0	0.0	0.0	0.0	0.0	0.0	0.0	0.0	0.0	0.0	0.0	0.0	0.0	0.0	0.0	0.0	0.0	0.0	0.0	0.0	0.0	0.0	0.0	0.0	0.0	0.0	0.0	0.0	0.0	0.0	0.0	0.0	0.0	0.0	0.0	0.0	0.0	0.0	0.0	0.0	0.0	0.0	0.0	0.0	0.0	0.0	0.0	0.0	0.0	0.0	0.0	0.0	0.0	0.0	0.0	0.0	0.0	0.0	0.0	0.0	0.0	0.0	0.0	0.0	0.0	0.0	0.0	0.0	0.0	0.0	0.0	0.0	0.0	0.0	0.0	0.0	0.0	0.0	0.0	0.0	0.0	0.0	0.0	0.0	0.0	0.0	0.0	0.0	0.0	0.0	0.0	0.0	0.0	0.0	0.0	0.0	0.0	0.0	0.0	0.0	0.0	0.0	0.0	0.0	0.0	0.0	0.0	0.0	0.0	0.0	0.0	0.0	0.0	0.0	0.0	0.0	0.0	0.0	0.0	1.0	0.0	0.0	0.0	0.0	0.0	0.0	0.0	0.0	0.0	0.0	0.0	0.0	0.0	0.0	0.0	0.0	0.0	0.0	0.0	0.0	0.0	0.0	0.0	0.0	0.0	0.0	0.0	0.0	0.0	0.0	0.0	0.0	0.0	0.0	0.0	0.0	0.0	0.0	0.0	0.0	0.0	0.0	0.0	0.0	0.0	0.0	0.0	0.0	0.0	0.0	0.0	0.0	0.0	0.0	0.0	0.0	0.0	0.0	0.0	0.0	0.0	0.0	0.0	0.0	0.0	0.0	0.0	0.0	0.0	0.0	0.0	0.0	0.0	0.0	0.0	0.0	0.0	0.0	0.0	0.0	0.0	0.0	0.0	0.0	0.0	0.0	0.0	0.0	0.0	0.0	0.0	0.0	0.0	0.0	0.0	0.0	0.0	0.0	0.0	0.0	0.0	0.0	0.0	0.0	0.0	0.0	0.0	0.0	0.0	0.0	0.0	0.0	0.0	0.0	0.0	0.0	0.0	0.0	0.0	0.0	0.0
c058	0.0	0.0	0.0	0.0	1.0	0.0	0.0	0.0	0.0	0.0	0.0	0.0	0.0	0.0	0.0	0.0	0.0	0.0	0.0	0.0	0.0	0.0	0.0	0.0	0.0	0.0	0.0	0.0	0.0	0.0	0.0	0.0	0.0	0.0	0.0	0.0	0.0	0.0	0.0	0.0	0.0	0.0	0.0	0.0	0.0	0.0	0.0	0.0	0.0	0.0	0.0	0.0	0.0	0.0	0.0	0.0	0.0	0.0	0.0	0.0	0.0	0.0	0.0	1.0	0.0	0.0	0.0	0.0	0.0	0.0	0.0	1.0	0.0	0.0	0.0	0.0	0.0	0.0	0.0	0.0	0.0	0.0	0.0	0.0	0.0	0.0	0.0	0.0	0.0	0.0	0.0	0.0	0.0	0.0	0.0	0.0	0.0	0.0	0.0	0.0	0.0	0.0	0.0	1.0	0.0	0.0	0.0	0.0	0.0	0.0	0.0	0.0	0.0	0.0	0.0	0.0	0.0	0.0	0.0	0.0	0.0	0.0	0.0	0.0	0.0	0.0	0.0	0.0	0.0	0.0	0.0	0.0	0.0	0.0	0.0	0.0	0.0	0.0	0.0	0.0	0.0	0.0	0.0	0.0	0.0	0.0	0.0	0.0	0.0	0.0	0.0	0.0	0.0	0.0	0.0	0.0	0.0	0.0	0.0	0.0	0.0	0.0	0.0	0.0	0.0	0.0	0.0	0.0	0.0	0.0	0.0	0.0	0.0	0.0	0.0	0.0	0.0	0.0	0.0	0.0	0.0	0.0	0.0	0.0	0.0	0.0	0.0	0.0	0.0	0.0	0.0	0.0	0.0	0.0	0.0	0.0	0.0	0.0	0.0	0.0	0.0	0.0	0.0	0.0	0.0	0.0	0.0	0.0	0.0	0.0	0.0	0.0	0.0	0.0	0.0	0.0	0.0	0.0	0.0	0.0	0.0	0.0	0.0	0.0	0.0	0.0	0.0	0.0	0.0	0.0	0.0	0.0	0.0	0.0	0.0	0.0	0.0	0.0	0.0	0.0	0.0	0.0	0.0	0.0	0.0	0.0	0.0	0.0	0.0	0.0	0.0	0.0	0.0	0.0	0.0	0.0	0.0	0.0	0.0	0.0	0.0	0.0	0.0	0.0	0.0	0.0	0.0	0.0	0.0	0.0	0.0	0.0	0.0	0.0	0.0	0.0	0.0	0.0	0.0	0.0	0.0	0.0	0.0	0.0	0.0	0.0	0.0	0.0	0.0	0.0	0.0	0.0	0.0	0.0	0.0	0.0	0.0	0.0	0.0	0.0	0.0	0.0	0.0	0.0	0.0	0.0	0.0	0.0	0.0	0.0	0.0	0.0	0.0	0.0	0.0	0.0	0.0	0.0	0.0	0.0	0.0	0.0	0.0	0.0	0.0	0.0	0.0	0.0	0.0	0.0	0.0	0.0	0.0	0.0	0.0	0.0	0.0	0.0	0.0	0.0	0.0	0.0	0.0	0.0	0.0	0.0	0.0	0.0	0.0	0.0	0.0	0.0	0.0	0.0	0.0	0.0	0.0	0.0	0.0	0.0	0.0	0.0	0.0	0.0	0.0	0.0	0.0	0.0	0.0	0.0	0.0	0.0	0.0	0.0	0.0	0.0	0.0	0.0	0.0	0.0	0.0	0.0	0.0	0.0	0.0	0.0	0.0	0.0	0.0	0.0	1.0	0.0	0.0	0.0	0.0	0.0	0.0	0.0	0.0	0.0	0.0	0.0	0.0	0.0	0.0	0.0	0.0	0.0	0.0	0.0	0.0	1.0	0.0	0.0	0.0	0.0	0.0	0.0	0.0	0.0	0.0	0.0	0.0	0.0	0.0	0.0	0.0	0.0	0.0	0.0	0.0	0.0	0.0	0.0	0.0	0.0	0.0	0.0	0.0	0.0	0.0	0.0	0.0	0.0	0.0	0.0	0.0	0.0	0.0	0.0	0.0	0.0	0.0	0.0	0.0	0.0	0.0	0.0	0.0	0.0	1.0	0.0	0.0	0.0	0.0	0.0	0.0	0.0	0.0	0.0	0.0	0.0	0.0	0.0	0.0	0.0	0.0	0.0	0.0	0.0	0.0	0.0	0.0	0.0	0.0	0.0	0.0	0.0	0.0	0.0	0.0	0.0	0.0	0.0	0.0	0.0	0.0	0.0	0.0	0.0	0.0	0.0	0.0	0.0	0.0	0.0	0.0	0.0	0.0	0.0	0.0	0.0	0.0	0.0	0.0	0.0	0.0	0.0	0.0	0.0	0.0	0.0	0.0	0.0	0.0	0.0	0.0	0.0	0.0	0.0	0.0	0.0	0.0	0.0	0.0	0.0	0.0	0.0	0.0	0.0	0.0	0.0	0.0	0.0	0.0	0.0	0.0	0.0	0.0	0.0	0.0	0.0	0.0	0.0	0.0	0.0	0.0	0.0	0.0	0.0	0.0	0.0	0.0	0.0	0.0	0.0	0.0	0.0	0.0	0.0	0.0	0.0	0.0	0.0	0.0	0.0	0.0	0.0	0.0	0.0	0.0	0.0	0.0	0.0	0.0	0.0	0.0	0.0	0.0	0.0	0.0	0.0	0.0	0.0	0.0	0.0	0.0	0.0	0.0	0.0	0.0	0.0	0.0	0.0	0.0	0.0	0.0	0.0	0.0	0.0	0.0	0.0	0.0	0.0	0.0	0.0	0.0	0.0	0.0	0.0	0.0	0.0	0.0	0.0	0.0	0.0	0.0	0.0	0.0	0.0	0.0	0.0	0.0	0.0	0.0	0.0	0.0	0.0	0.0	0.0	0.0	0.0	0.0	0.0	0.0	0.0	0.0	0.0	0.0	0.0	0.0	0.0	1.0	0.0	0.0	0.0	0.0	0.0	0.0	0.0	0.0	0.0	0.0	0.0	0.0	0.0	0.0	0.0	0.0	0.0	0.0	0.0	0.0	0.0	0.0	0.0	0.0	0.0	0.0	0.0	0.0	0.0	0.0	0.0	0.0	0.0	0.0	0.0	0.0	0.0	0.0	0.0	0.0	0.0	0.0	0.0	0.0	0.0	0.0	0.0	0.0	0.0	0.0	0.0	0.0	0.0	0.0	0.0	0.0	0.0	0.0	0.0	0.0	0.0	0.0	0.0	0.0	0.0	0.0	0.0	0.0	0.0	0.0	0.0	0.0	0.0	0.0	0.0	0.0	0.0	0.0	0.0	0.0	0.0	0.0	0.0	0.0	0.0	1.0	0.0	0.0	0.0	0.0	0.0	0.0	0.0	0.0	0.0	0.0	0.0	0.0	0.0	0.0	0.0	0.0	0.0	0.0	0.0	0.0	0.0	0.0	0.0	0.0
c068	0.0	0.0	0.0	0.0	0.0	0.0	0.0	0.0	0.0	0.0	0.0	0.0	0.0	0.0	0.0	0.0	0.0	0.0	0.0	0.0	0.0	0.0	0.0	0.0	0.0	0.0	0.0	0.0	0.0	0.0	0.0	0.0	0.0	0.0	0.0	0.0	0.0	0.0	0.0	0.0	0.0	0.0	0.0	0.0	0.0	0.0	0.0	0.0	0.0	0.0	0.0	0.0	0.0	0.0	0.0	0.0	0.0	0.0	0.0	0.0	0.0	0.0	0.0	0.0	0.0	0.0	0.0	0.0	0.0	0.0	0.0	0.0	0.0	0.0	0.0	0.0	0.0	0.0	0.0	0.0	0.0	0.0	0.0	0.0	0.0	0.0	0.0	0.0	0.0	0.0	0.0	0.0	0.0	0.0	0.0	0.0	0.0	0.0	0.0	0.0	0.0	0.0	0.0	0.0	0.0	0.0	0.0	0.0	0.0	0.0	0.0	0.0	0.0	0.0	0.0	0.0	0.0	0.0	0.0	0.0	0.0	0.0	0.0	0.0	0.0	0.0	0.0	0.0	0.0	0.0	0.0	0.0	0.0	0.0	0.0	0.0	0.0	0.0	0.0	0.0	0.0	0.0	0.0	0.0	0.0	0.0	0.0	0.0	0.0	0.0	0.0	0.0	0.0	0.0	0.0	0.0	0.0	0.0	0.0	0.0	0.0	0.0	0.0	0.0	0.0	0.0	0.0	0.0	0.0	0.0	0.0	0.0	0.0	0.0	0.0	0.0	0.0	0.0	0.0	0.0	0.0	0.0	0.0	0.0	0.0	0.0	0.0	0.0	0.0	0.0	0.0	0.0	0.0	0.0	0.0	0.0	0.0	0.0	0.0	0.0	0.0	0.0	0.0	0.0	0.0	0.0	0.0	0.0	0.0	0.0	0.0	0.0	0.0	0.0	0.0	0.0	0.0	0.0	0.0	0.0	0.0	0.0	0.0	0.0	0.0	0.0	0.0	0.0	0.0	0.0	0.0	0.0	0.0	0.0	0.0	0.0	0.0	0.0	0.0	0.0	0.0	0.0	0.0	0.0	0.0	0.0	0.0	0.0	0.0	0.0	0.0	0.0	0.0	0.0	0.0	0.0	0.0	0.0	0.0	0.0	0.0	0.0	0.0	0.0	0.0	0.0	0.0	0.0	0.0	0.0	0.0	0.0	0.0	0.0	0.0	0.0	0.0	0.0	0.0	0.0	0.0	0.0	0.0	0.0	0.0	0.0	0.0	0.0	0.0	0.0	0.0	0.0	0.0	0.0	0.0	0.0	0.0	0.0	0.0	0.0	0.0	0.0	0.0	0.0	0.0	0.0	0.0	0.0	0.0	0.0	0.0	0.0	0.0	0.0	0.0	0.0	0.0	0.0	0.0	0.0	0.0	0.0	0.0	0.0	0.0	0.0	0.0	0.0	0.0	0.0	0.0	0.0	0.0	0.0	0.0	0.0	1.0	0.0	0.0	0.0	0.0	0.0	0.0	0.0	0.0	0.0	0.0	0.0	0.0	0.0	0.0	0.0	0.0	0.0	0.0	0.0	0.0	0.0	0.0	0.0	0.0	0.0	0.0	0.0	0.0	0.0	0.0	0.0	0.0	0.0	0.0	0.0	0.0	0.0	0.0	0.0	0.0	0.0	0.0	0.0	0.0	0.0	0.0	0.0	0.0	0.0	0.0	0.0	0.0	0.0	0.0	0.0	0.0	0.0	0.0	0.0	0.0	0.0	0.0	0.0	0.0	0.0	0.0	0.0	0.0	0.0	0.0	0.0	0.0	0.0	0.0	0.0	0.0	0.0	0.0	0.0	0.0	0.0	0.0	0.0	0.0	0.0	0.0	0.0	0.0	0.0	0.0	0.0	0.0	0.0	0.0	0.0	0.0	0.0	0.0	0.0	0.0	0.0	0.0	0.0	0.0	2.0	0.0	0.0	0.0	0.0	0.0	0.0	0.0	0.0	0.0	0.0	0.0	0.0	0.0	0.0	0.0	0.0	0.0	0.0	0.0	0.0	0.0	0.0	0.0	0.0	0.0	0.0	0.0	0.0	0.0	0.0	0.0	0.0	0.0	0.0	0.0	0.0	0.0	0.0	0.0	0.0	0.0	0.0	0.0	0.0	0.0	0.0	0.0	0.0	0.0	0.0	0.0	0.0	0.0	0.0	0.0	0.0	0.0	0.0	0.0	0.0	0.0	0.0	0.0	0.0	0.0	0.0	0.0	0.0	0.0	0.0	0.0	0.0	0.0	0.0	0.0	0.0	0.0	0.0	0.0	0.0	0.0	0.0	0.0	0.0	0.0	0.0	0.0	0.0	0.0	0.0	0.0	0.0	0.0	0.0	0.0	0.0	0.0	0.0	0.0	0.0	0.0	0.0	0.0	0.0	0.0	0.0	0.0	0.0	0.0	0.0	0.0	0.0	0.0	0.0	0.0	0.0	0.0	0.0	0.0	0.0	0.0	0.0	0.0	0.0	0.0	0.0	0.0	0.0	0.0	0.0	0.0	0.0	0.0	0.0	0.0	0.0	0.0	0.0	0.0	0.0	0.0	0.0	0.0	0.0	0.0	0.0	0.0	0.0	0.0	0.0	0.0	0.0	0.0	0.0	0.0	0.0	0.0	0.0	0.0	0.0	0.0	0.0	0.0	0.0	0.0	0.0	0.0	0.0	0.0	0.0	0.0	0.0	0.0	0.0	0.0	0.0	0.0	0.0	0.0	0.0	0.0	0.0	0.0	0.0	0.0	0.0	0.0	0.0	0.0	0.0	0.0	0.0	0.0	0.0	0.0	0.0	0.0	0.0	0.0	0.0	0.0	0.0	0.0	0.0	0.0	0.0	0.0	0.0	0.0	0.0	0.0	0.0	0.0	0.0	0.0	0.0	0.0	0.0	0.0	0.0	0.0	0.0	0.0	0.0	0.0	0.0	0.0	0.0	0.0	0.0	0.0	0.0	0.0	0.0	0.0	0.0	0.0	0.0	0.0	0.0	0.0	0.0	0.0	0.0	0.0	0.0	0.0	0.0	0.0	0.0	0.0	0.0	0.0	0.0	0.0	0.0	0.0	0.0	0.0	0.0	0.0	0.0	0.0	0.0	0.0	0.0	0.0	0.0	0.0	0.0	0.0	0.0	0.0	0.0	0.0	0.0	0.0	0.0	0.0	0.0	0.0	0.0	0.0	0.0	0.0	0.0	0.0	0.0	0.0	0.0	0.0	0.0	0.0	0.0	0.0	0.0	0.0	0.0	0.0	0.0	0.0	0.0	0.0	0.0	0.0	0.0	0.0	0.0	0.0	0.0	0.0	0.0	0.0	0.0	0.0	0.0	0.0	0.0	0.0	0.0	0.0
c090	0.0	0.0	0.0	0.0	0.0	0.0	0.0	0.0	0.0	0.0	0.0	0.0	0.0	0.0	0.0	0.0	0.0	0.0	0.0	0.0	0.0	0.0	0.0	0.0	0.0	0.0	0.0	0.0	0.0	0.0	0.0	0.0	0.0	0.0	0.0	0.0	0.0	0.0	0.0	0.0	0.0	0.0	0.0	0.0	0.0	0.0	0.0	0.0	0.0	0.0	0.0	0.0	0.0	0.0	0.0	0.0	0.0	0.0	0.0	0.0	0.0	0.0	0.0	0.0	0.0	0.0	0.0	0.0	0.0	0.0	0.0	0.0	0.0	0.0	0.0	0.0	0.0	0.0	0.0	0.0	0.0	0.0	0.0	0.0	0.0	1.0	0.0	0.0	0.0	0.0	0.0	0.0	0.0	0.0	0.0	0.0	0.0	0.0	0.0	0.0	0.0	0.0	0.0	0.0	0.0	0.0	0.0	0.0	0.0	0.0	0.0	0.0	0.0	0.0	0.0	0.0	0.0	0.0	0.0	0.0	0.0	0.0	0.0	0.0	0.0	0.0	0.0	0.0	0.0	0.0	0.0	0.0	0.0	0.0	0.0	0.0	0.0	0.0	0.0	0.0	0.0	0.0	0.0	0.0	0.0	0.0	0.0	0.0	0.0	0.0	0.0	0.0	0.0	0.0	0.0	0.0	0.0	0.0	0.0	0.0	0.0	0.0	0.0	0.0	0.0	0.0	0.0	0.0	0.0	0.0	0.0	0.0	0.0	0.0	0.0	0.0	0.0	0.0	0.0	0.0	0.0	0.0	0.0	0.0	0.0	0.0	0.0	0.0	0.0	0.0	0.0	0.0	0.0	0.0	0.0	0.0	0.0	0.0	0.0	0.0	0.0	0.0	0.0	0.0	0.0	0.0	0.0	0.0	0.0	0.0	0.0	0.0	0.0	0.0	0.0	0.0	0.0	0.0	0.0	0.0	0.0	0.0	0.0	0.0	0.0	0.0	0.0	0.0	0.0	0.0	0.0	0.0	0.0	0.0	0.0	0.0	0.0	0.0	0.0	0.0	0.0	0.0	0.0	0.0	0.0	0.0	0.0	0.0	0.0	0.0	0.0	0.0	0.0	0.0	0.0	0.0	0.0	0.0	0.0	0.0	0.0	0.0	0.0	0.0	0.0	0.0	0.0	0.0	0.0	0.0	0.0	0.0	0.0	0.0	0.0	0.0	0.0	0.0	0.0	0.0	0.0	0.0	0.0	0.0	0.0	0.0	0.0	0.0	1.0	0.0	0.0	0.0	0.0	0.0	0.0	0.0	0.0	0.0	0.0	0.0	0.0	0.0	0.0	0.0	0.0	0.0	0.0	0.0	0.0	0.0	0.0	0.0	0.0	0.0	0.0	0.0	0.0	0.0	0.0	0.0	0.0	0.0	0.0	0.0	0.0	0.0	0.0	0.0	0.0	0.0	0.0	0.0	0.0	0.0	0.0	0.0	0.0	0.0	0.0	0.0	0.0	0.0	0.0	0.0	0.0	0.0	0.0	0.0	0.0	0.0	0.0	0.0	0.0	1.0	0.0	0.0	0.0	0.0	0.0	0.0	0.0	0.0	0.0	0.0	0.0	0.0	0.0	0.0	0.0	0.0	0.0	0.0	0.0	0.0	0.0	0.0	0.0	0.0	0.0	0.0	0.0	0.0	0.0	0.0	0.0	0.0	0.0	0.0	0.0	0.0	0.0	0.0	0.0	0.0	0.0	0.0	0.0	0.0	0.0	0.0	0.0	0.0	0.0	0.0	0.0	0.0	0.0	0.0	0.0	0.0	0.0	0.0	0.0	0.0	0.0	0.0	0.0	0.0	0.0	0.0	0.0	0.0	0.0	0.0	0.0	0.0	0.0	0.0	0.0	0.0	0.0	0.0	0.0	0.0	0.0	0.0	0.0	0.0	0.0	0.0	0.0	0.0	0.0	0.0	0.0	0.0	0.0	0.0	0.0	0.0	0.0	0.0	0.0	0.0	0.0	0.0	0.0	0.0	0.0	0.0	0.0	0.0	0.0	0.0	0.0	0.0	0.0	0.0	0.0	0.0	0.0	1.0	0.0	0.0	0.0	0.0	0.0	0.0	0.0	0.0	0.0	0.0	0.0	0.0	0.0	0.0	0.0	0.0	0.0	0.0	0.0	0.0	0.0	0.0	0.0	0.0	0.0	0.0	0.0	0.0	0.0	0.0	0.0	0.0	0.0	0.0	1.0	0.0	1.0	0.0	0.0	0.0	0.0	0.0	0.0	1.0	0.0	0.0	0.0	0.0	0.0	0.0	0.0	0.0	0.0	0.0	0.0	0.0	0.0	0.0	0.0	0.0	0.0	0.0	0.0	0.0	0.0	0.0	0.0	0.0	0.0	0.0	0.0	0.0	0.0	0.0	0.0	0.0	0.0	0.0	0.0	0.0	0.0	0.0	0.0	0.0	0.0	0.0	1.0	0.0	0.0	0.0	0.0	0.0	0.0	0.0	0.0	0.0	0.0	0.0	0.0	0.0	0.0	0.0	0.0	0.0	0.0	0.0	0.0	0.0	0.0	0.0	0.0	0.0	0.0	0.0	0.0	0.0	0.0	0.0	0.0	0.0	0.0	0.0	0.0	0.0	0.0	0.0	0.0	0.0	0.0	0.0	0.0	0.0	0.0	0.0	0.0	0.0	0.0	0.0	0.0	0.0	0.0	0.0	0.0	0.0	0.0	0.0	0.0	0.0	0.0	0.0	0.0	0.0	0.0	0.0	0.0	0.0	0.0	0.0	0.0	0.0	0.0	0.0	0.0	0.0	0.0	0.0	0.0	0.0	0.0	0.0	0.0	0.0	0.0	0.0	0.0	0.0	0.0	0.0	0.0	0.0	0.0	0.0	0.0	0.0	0.0	0.0	0.0	0.0	0.0	0.0	0.0	0.0	0.0	1.0	0.0	0.0	0.0	0.0	0.0	0.0	0.0	0.0	0.0	0.0	0.0	0.0	0.0	0.0	0.0	0.0	0.0	0.0	0.0	0.0	0.0	0.0	0.0	0.0	0.0	0.0	0.0	0.0	0.0	0.0	0.0	0.0	0.0	0.0	0.0	0.0	0.0	0.0	0.0	0.0	0.0	0.0	0.0	0.0	0.0	0.0	0.0	0.0	0.0	0.0	0.0	0.0	0.0	0.0	0.0	0.0	0.0	0.0	0.0	0.0	0.0	1.0	1.0	0.0	0.0	0.0	0.0	0.0	0.0	0.0	0.0	0.0	0.0	0.0	0.0	0.0	0.0	0.0	0.0	0.0	0.0	0.0	0.0	0.0	0.0	0.0	0.0	0.0	0.0	0.0	0.0	0.0	0.0	0.0	0.0	0.0	0.0
c091	0.0	0.0	1.0	0.0	0.0	0.0	0.0	0.0	0.0	0.0	0.0	0.0	1.0	0.0	0.0	0.0	0.0	0.0	0.0	0.0	0.0	0.0	0.0	0.0	0.0	0.0	0.0	0.0	0.0	0.0	0.0	0.0	0.0	0.0	0.0	0.0	0.0	0.0	0.0	0.0	0.0	0.0	0.0	0.0	0.0	0.0	0.0	0.0	0.0	0.0	0.0	0.0	0.0	0.0	0.0	0.0	0.0	0.0	0.0	0.0	0.0	0.0	0.0	0.0	0.0	0.0	0.0	0.0	0.0	0.0	0.0	0.0	0.0	0.0	0.0	0.0	1.0	0.0	0.0	0.0	0.0	0.0	0.0	0.0	0.0	0.0	0.0	0.0	0.0	0.0	0.0	0.0	0.0	0.0	0.0	0.0	0.0	0.0	0.0	0.0	0.0	0.0	0.0	0.0	0.0	0.0	0.0	0.0	0.0	0.0	0.0	0.0	0.0	0.0	0.0	0.0	0.0	0.0	0.0	0.0	0.0	0.0	0.0	0.0	0.0	0.0	0.0	0.0	0.0	0.0	0.0	0.0	0.0	0.0	0.0	0.0	0.0	0.0	0.0	0.0	0.0	0.0	0.0	0.0	0.0	0.0	0.0	0.0	0.0	0.0	0.0	0.0	0.0	0.0	0.0	0.0	0.0	0.0	0.0	0.0	0.0	0.0	0.0	0.0	0.0	0.0	0.0	0.0	0.0	0.0	0.0	0.0	0.0	0.0	0.0	0.0	0.0	0.0	0.0	0.0	0.0	0.0	0.0	0.0	0.0	0.0	0.0	0.0	0.0	0.0	0.0	0.0	0.0	0.0	0.0	0.0	0.0	0.0	0.0	0.0	0.0	0.0	0.0	0.0	0.0	0.0	0.0	0.0	0.0	0.0	0.0	0.0	0.0	0.0	0.0	0.0	0.0	0.0	0.0	0.0	0.0	0.0	1.0	0.0	0.0	0.0	0.0	0.0	0.0	0.0	0.0	0.0	0.0	0.0	0.0	0.0	0.0	0.0	0.0	0.0	0.0	0.0	0.0	0.0	0.0	0.0	0.0	0.0	0.0	0.0	0.0	0.0	0.0	0.0	0.0	0.0	0.0	0.0	0.0	0.0	0.0	0.0	0.0	0.0	0.0	0.0	0.0	0.0	0.0	0.0	0.0	0.0	0.0	0.0	0.0	0.0	0.0	0.0	0.0	0.0	0.0	0.0	0.0	0.0	0.0	0.0	0.0	0.0	0.0	0.0	0.0	0.0	0.0	0.0	0.0	0.0	0.0	0.0	0.0	0.0	0.0	0.0	0.0	0.0	0.0	0.0	0.0	0.0	0.0	0.0	0.0	0.0	0.0	0.0	0.0	0.0	0.0	0.0	0.0	0.0	0.0	0.0	0.0	0.0	0.0	0.0	0.0	0.0	0.0	0.0	0.0	0.0	0.0	0.0	0.0	0.0	0.0	0.0	0.0	0.0	0.0	0.0	0.0	0.0	0.0	0.0	0.0	0.0	0.0	0.0	0.0	0.0	1.0	0.0	0.0	0.0	0.0	0.0	0.0	0.0	0.0	0.0	0.0	0.0	0.0	0.0	0.0	0.0	0.0	0.0	0.0	0.0	0.0	0.0	0.0	0.0	0.0	0.0	0.0	0.0	0.0	0.0	0.0	0.0	0.0	0.0	0.0	0.0	0.0	0.0	0.0	0.0	0.0	0.0	0.0	0.0	0.0	0.0	0.0	0.0	0.0	0.0	0.0	0.0	0.0	0.0	0.0	0.0	0.0	0.0	0.0	0.0	0.0	0.0	0.0	0.0	0.0	0.0	0.0	0.0	0.0	0.0	0.0	0.0	0.0	0.0	0.0	0.0	0.0	0.0	0.0	0.0	0.0	0.0	0.0	0.0	0.0	0.0	0.0	0.0	0.0	0.0	0.0	0.0	0.0	0.0	0.0	0.0	0.0	0.0	0.0	0.0	0.0	0.0	0.0	0.0	0.0	0.0	0.0	0.0	0.0	0.0	0.0	0.0	0.0	0.0	0.0	0.0	0.0	0.0	0.0	0.0	0.0	0.0	0.0	0.0	0.0	0.0	0.0	0.0	0.0	0.0	0.0	0.0	0.0	0.0	0.0	0.0	0.0	0.0	0.0	0.0	0.0	0.0	0.0	0.0	0.0	0.0	0.0	0.0	0.0	0.0	0.0	0.0	0.0	0.0	0.0	0.0	0.0	0.0	0.0	0.0	0.0	0.0	0.0	0.0	0.0	0.0	0.0	0.0	0.0	0.0	0.0	0.0	0.0	0.0	0.0	0.0	0.0	0.0	0.0	0.0	0.0	0.0	0.0	0.0	0.0	0.0	0.0	0.0	0.0	0.0	0.0	0.0	0.0	0.0	0.0	0.0	0.0	0.0	0.0	0.0	0.0	0.0	0.0	0.0	0.0	0.0	0.0	0.0	0.0	0.0	0.0	0.0	0.0	0.0	0.0	0.0	0.0	0.0	0.0	0.0	0.0	0.0	0.0	0.0	0.0	0.0	0.0	0.0	0.0	0.0	0.0	0.0	0.0	0.0	0.0	0.0	0.0	0.0	0.0	0.0	0.0	0.0	0.0	0.0	0.0	0.0	0.0	0.0	0.0	0.0	0.0	0.0	0.0	0.0	0.0	0.0	0.0	0.0	0.0	0.0	0.0	0.0	0.0	0.0	0.0	0.0	0.0	0.0	0.0	0.0	0.0	0.0	0.0	0.0	0.0	0.0	0.0	0.0	0.0	0.0	0.0	0.0	0.0	0.0	0.0	0.0	0.0	0.0	0.0	0.0	0.0	0.0	0.0	0.0	0.0	0.0	0.0	0.0	0.0	0.0	0.0	0.0	0.0	0.0	0.0	0.0	0.0	0.0	0.0	0.0	0.0	0.0	0.0	0.0	0.0	0.0	0.0	0.0	0.0	0.0	0.0	0.0	0.0	0.0	0.0	0.0	0.0	0.0	0.0	0.0	0.0	0.0	0.0	0.0	0.0	0.0	0.0	0.0	0.0	0.0	0.0	0.0	0.0	0.0	0.0	0.0	0.0	0.0	0.0	0.0	0.0	0.0	0.0	0.0	0.0	0.0	0.0	0.0	0.0	0.0	0.0	0.0	0.0	0.0	0.0	0.0	0.0	0.0	0.0	0.0	0.0	0.0	0.0	0.0	0.0	0.0	0.0	1.0	0.0	0.0	0.0	0.0	0.0	0.0	0.0	0.0	0.0	0.0	0.0	0.0	0.0	0.0	0.0	0.0	0.0	0.0	0.0	0.0	0.0	0.0	0.0	0.0	0.0	0.0	0.0	0.0	0.0	0.0	0.0	0.0	0.0
c098	0.0	0.0	0.0	0.0	0.0	0.0	0.0	0.0	0.0	0.0	0.0	0.0	0.0	0.0	0.0	0.0	0.0	0.0	0.0	0.0	0.0	0.0	0.0	0.0	0.0	0.0	0.0	0.0	0.0	0.0	0.0	0.0	0.0	1.0	0.0	0.0	0.0	0.0	0.0	0.0	0.0	1.0	0.0	0.0	0.0	0.0	1.0	1.0	0.0	0.0	0.0	0.0	0.0	0.0	0.0	0.0	0.0	0.0	0.0	0.0	0.0	0.0	0.0	0.0	0.0	0.0	0.0	0.0	0.0	0.0	0.0	0.0	0.0	0.0	0.0	0.0	0.0	0.0	0.0	1.0	0.0	0.0	1.0	0.0	0.0	0.0	0.0	0.0	0.0	0.0	0.0	0.0	0.0	0.0	0.0	0.0	0.0	0.0	0.0	1.0	0.0	0.0	0.0	0.0	0.0	0.0	0.0	0.0	0.0	1.0	0.0	0.0	0.0	0.0	0.0	0.0	0.0	0.0	0.0	0.0	0.0	0.0	0.0	0.0	0.0	1.0	1.0	1.0	0.0	0.0	0.0	0.0	0.0	0.0	0.0	0.0	0.0	0.0	0.0	0.0	0.0	1.0	0.0	0.0	0.0	0.0	0.0	0.0	0.0	0.0	0.0	0.0	0.0	0.0	0.0	0.0	0.0	0.0	0.0	0.0	0.0	0.0	0.0	0.0	0.0	0.0	0.0	0.0	0.0	0.0	0.0	0.0	0.0	0.0	0.0	0.0	0.0	1.0	0.0	0.0	0.0	0.0	0.0	0.0	0.0	0.0	0.0	0.0	0.0	0.0	0.0	1.0	0.0	0.0	0.0	0.0	0.0	0.0	0.0	0.0	0.0	0.0	0.0	0.0	0.0	0.0	0.0	0.0	0.0	0.0	1.0	0.0	0.0	0.0	0.0	0.0	0.0	0.0	0.0	0.0	0.0	0.0	0.0	1.0	0.0	0.0	0.0	0.0	0.0	0.0	1.0	0.0	0.0	0.0	0.0	0.0	0.0	0.0	0.0	0.0	0.0	0.0	0.0	0.0	0.0	0.0	0.0	0.0	0.0	0.0	0.0	0.0	0.0	0.0	0.0	0.0	0.0	0.0	0.0	0.0	0.0	0.0	0.0	0.0	0.0	0.0	0.0	0.0	0.0	0.0	0.0	0.0	0.0	0.0	0.0	0.0	0.0	0.0	1.0	0.0	0.0	0.0	0.0	0.0	0.0	0.0	0.0	0.0	0.0	0.0	0.0	0.0	0.0	0.0	0.0	0.0	0.0	0.0	0.0	0.0	0.0	0.0	0.0	0.0	0.0	0.0	0.0	0.0	0.0	0.0	0.0	0.0	0.0	0.0	0.0	1.0	0.0	0.0	0.0	0.0	0.0	0.0	0.0	0.0	0.0	0.0	0.0	0.0	0.0	0.0	0.0	0.0	0.0	1.0	0.0	1.0	0.0	0.0	0.0	0.0	0.0	0.0	0.0	0.0	0.0	0.0	0.0	0.0	0.0	0.0	0.0	0.0	0.0	0.0	0.0	0.0	0.0	0.0	0.0	0.0	0.0	0.0	0.0	0.0	0.0	0.0	0.0	0.0	0.0	0.0	0.0	0.0	0.0	0.0	0.0	0.0	0.0	0.0	0.0	1.0	0.0	0.0	0.0	0.0	0.0	0.0	0.0	0.0	0.0	0.0	0.0	0.0	0.0	0.0	0.0	0.0	0.0	0.0	0.0	0.0	0.0	0.0	0.0	0.0	0.0	0.0	0.0	0.0	0.0	0.0	0.0	0.0	0.0	0.0	0.0	0.0	0.0	0.0	0.0	0.0	0.0	0.0	0.0	0.0	0.0	0.0	0.0	0.0	1.0	0.0	0.0	0.0	0.0	0.0	0.0	0.0	0.0	0.0	0.0	0.0	0.0	0.0	0.0	0.0	0.0	0.0	0.0	0.0	0.0	0.0	0.0	0.0	0.0	0.0	0.0	0.0	0.0	0.0	0.0	0.0	0.0	0.0	0.0	0.0	0.0	0.0	0.0	0.0	0.0	0.0	0.0	0.0	0.0	0.0	0.0	0.0	0.0	0.0	0.0	1.0	0.0	0.0	0.0	0.0	0.0	1.0	0.0	0.0	0.0	0.0	0.0	0.0	0.0	0.0	0.0	0.0	0.0	0.0	1.0	0.0	0.0	0.0	1.0	0.0	0.0	0.0	0.0	0.0	0.0	0.0	0.0	0.0	0.0	0.0	0.0	0.0	0.0	0.0	0.0	0.0	0.0	0.0	0.0	0.0	0.0	0.0	0.0	1.0	0.0	0.0	0.0	0.0	0.0	0.0	0.0	0.0	0.0	0.0	1.0	0.0	0.0	0.0	0.0	1.0	0.0	0.0	0.0	0.0	0.0	0.0	0.0	0.0	0.0	0.0	0.0	1.0	0.0	0.0	0.0	0.0	0.0	0.0	0.0	0.0	0.0	0.0	0.0	0.0	0.0	0.0	0.0	0.0	0.0	0.0	0.0	0.0	0.0	0.0	0.0	0.0	0.0	0.0	0.0	0.0	0.0	0.0	1.0	0.0	0.0	0.0	0.0	0.0	0.0	0.0	0.0	0.0	0.0	0.0	0.0	0.0	0.0	0.0	0.0	0.0	0.0	1.0	0.0	0.0	0.0	0.0	0.0	0.0	0.0	1.0	1.0	0.0	0.0	0.0	0.0	0.0	0.0	0.0	0.0	0.0	0.0	0.0	0.0	0.0	0.0	0.0	0.0	0.0	0.0	0.0	0.0	0.0	0.0	0.0	0.0	0.0	0.0	0.0	0.0	0.0	0.0	0.0	0.0	0.0	0.0	0.0	0.0	0.0	0.0	0.0	0.0	1.0	0.0	0.0	0.0	0.0	0.0	0.0	0.0	0.0	0.0	0.0	0.0	0.0	0.0	0.0	0.0	0.0	0.0	0.0	0.0	0.0	0.0	0.0	1.0	0.0	1.0	0.0	0.0	0.0	0.0	0.0	0.0	0.0	0.0	0.0	0.0	0.0	0.0	0.0	0.0	0.0	0.0	0.0	0.0	0.0	0.0	0.0	0.0	0.0	0.0	0.0	0.0	0.0	0.0	0.0	0.0	0.0	1.0	0.0	0.0	0.0	0.0	1.0	0.0	1.0	0.0	0.0	0.0	0.0	0.0	0.0	0.0	0.0	0.0	0.0	0.0	0.0	0.0	0.0	0.0	0.0	0.0	0.0	0.0	0.0	0.0	1.0	0.0	0.0	0.0	0.0	0.0	0.0	0.0	0.0	0.0	0.0	0.0	0.0	0.0	0.0	0.0	0.0	0.0	0.0	0.0	0.0	0.0
c099	0.0	0.0	0.0	0.0	0.0	0.0	0.0	0.0	0.0	0.0	0.0	0.0	0.0	0.0	0.0	0.0	0.0	0.0	0.0	0.0	0.0	0.0	0.0	0.0	0.0	0.0	0.0	0.0	0.0	0.0	0.0	0.0	0.0	0.0	0.0	0.0	0.0	0.0	0.0	0.0	0.0	0.0	0.0	0.0	0.0	0.0	0.0	0.0	0.0	0.0	0.0	0.0	0.0	0.0	0.0	0.0	0.0	0.0	0.0	0.0	0.0	0.0	0.0	0.0	0.0	0.0	0.0	0.0	0.0	0.0	0.0	0.0	0.0	0.0	0.0	0.0	0.0	0.0	0.0	0.0	0.0	0.0	1.0	0.0	0.0	0.0	0.0	1.0	0.0	0.0	0.0	0.0	0.0	0.0	0.0	0.0	0.0	1.0	0.0	0.0	0.0	0.0	0.0	0.0	0.0	0.0	0.0	0.0	0.0	0.0	0.0	0.0	0.0	0.0	0.0	0.0	0.0	0.0	0.0	0.0	0.0	1.0	0.0	0.0	0.0	0.0	0.0	0.0	0.0	0.0	0.0	0.0	1.0	0.0	0.0	0.0	0.0	0.0	0.0	0.0	0.0	0.0	0.0	0.0	0.0	0.0	0.0	0.0	0.0	0.0	0.0	0.0	0.0	0.0	0.0	0.0	0.0	0.0	0.0	0.0	0.0	0.0	0.0	0.0	0.0	0.0	0.0	0.0	0.0	0.0	0.0	0.0	0.0	0.0	0.0	0.0	0.0	0.0	0.0	0.0	0.0	0.0	0.0	0.0	0.0	0.0	0.0	0.0	0.0	0.0	0.0	0.0	0.0	0.0	0.0	0.0	0.0	0.0	0.0	0.0	0.0	0.0	0.0	0.0	0.0	0.0	0.0	0.0	0.0	0.0	0.0	0.0	0.0	0.0	0.0	0.0	0.0	0.0	0.0	0.0	0.0	0.0	0.0	0.0	0.0	0.0	0.0	0.0	0.0	0.0	0.0	0.0	0.0	0.0	0.0	0.0	0.0	0.0	0.0	0.0	0.0	0.0	0.0	0.0	0.0	0.0	0.0	0.0	0.0	0.0	0.0	0.0	0.0	0.0	0.0	0.0	0.0	0.0	0.0	0.0	0.0	0.0	0.0	0.0	0.0	0.0	0.0	0.0	0.0	0.0	0.0	0.0	0.0	0.0	0.0	0.0	0.0	0.0	0.0	0.0	0.0	0.0	0.0	0.0	0.0	0.0	0.0	0.0	0.0	0.0	0.0	0.0	0.0	0.0	0.0	0.0	0.0	0.0	0.0	0.0	0.0	0.0	0.0	0.0	0.0	0.0	0.0	0.0	0.0	0.0	0.0	0.0	0.0	0.0	0.0	0.0	0.0	0.0	0.0	0.0	0.0	0.0	0.0	0.0	0.0	0.0	0.0	0.0	0.0	0.0	0.0	0.0	0.0	0.0	0.0	0.0	0.0	0.0	0.0	0.0	0.0	0.0	0.0	0.0	0.0	0.0	0.0	0.0	0.0	0.0	0.0	0.0	0.0	0.0	0.0	0.0	0.0	0.0	0.0	0.0	0.0	0.0	0.0	0.0	0.0	0.0	0.0	0.0	0.0	0.0	0.0	0.0	0.0	0.0	0.0	0.0	0.0	0.0	0.0	0.0	0.0	0.0	0.0	0.0	0.0	0.0	0.0	0.0	0.0	0.0	0.0	0.0	0.0	0.0	0.0	0.0	0.0	0.0	0.0	0.0	0.0	0.0	0.0	0.0	0.0	0.0	0.0	0.0	0.0	0.0	0.0	0.0	0.0	0.0	0.0	0.0	0.0	0.0	0.0	0.0	0.0	0.0	0.0	0.0	0.0	0.0	0.0	0.0	0.0	0.0	0.0	0.0	0.0	0.0	0.0	0.0	0.0	0.0	0.0	0.0	0.0	0.0	0.0	0.0	0.0	0.0	0.0	0.0	0.0	0.0	0.0	0.0	0.0	0.0	0.0	0.0	0.0	0.0	0.0	0.0	0.0	0.0	0.0	0.0	0.0	0.0	0.0	0.0	0.0	0.0	0.0	0.0	0.0	0.0	0.0	0.0	0.0	0.0	0.0	0.0	0.0	0.0	0.0	0.0	0.0	0.0	0.0	0.0	0.0	0.0	0.0	0.0	0.0	0.0	0.0	0.0	0.0	0.0	0.0	0.0	0.0	0.0	0.0	0.0	0.0	0.0	0.0	0.0	0.0	0.0	0.0	0.0	0.0	0.0	0.0	0.0	0.0	0.0	0.0	0.0	0.0	0.0	0.0	0.0	0.0	0.0	0.0	0.0	0.0	0.0	0.0	0.0	0.0	0.0	0.0	0.0	0.0	0.0	0.0	0.0	0.0	0.0	0.0	0.0	0.0	0.0	0.0	0.0	0.0	0.0	0.0	0.0	0.0	0.0	0.0	0.0	0.0	0.0	0.0	0.0	0.0	0.0	0.0	0.0	0.0	0.0	0.0	0.0	0.0	0.0	0.0	0.0	0.0	0.0	0.0	0.0	1.0	0.0	0.0	0.0	0.0	0.0	0.0	0.0	0.0	0.0	0.0	0.0	0.0	0.0	0.0	0.0	0.0	0.0	0.0	0.0	0.0	0.0	0.0	0.0	0.0	0.0	0.0	0.0	0.0	0.0	0.0	0.0	0.0	0.0	0.0	0.0	0.0	0.0	0.0	0.0	0.0	0.0	0.0	0.0	0.0	0.0	0.0	1.0	0.0	0.0	0.0	0.0	0.0	0.0	0.0	0.0	0.0	0.0	0.0	0.0	0.0	0.0	0.0	0.0	0.0	0.0	0.0	0.0	0.0	0.0	0.0	0.0	0.0	0.0	0.0	0.0	0.0	0.0	0.0	0.0	0.0	0.0	0.0	0.0	0.0	0.0	0.0	0.0	0.0	0.0	0.0	0.0	0.0	0.0	0.0	0.0	0.0	0.0	0.0	0.0	0.0	0.0	0.0	0.0	0.0	0.0	0.0	0.0	0.0	0.0	0.0	0.0	0.0	0.0	0.0	0.0	0.0	1.0	0.0	0.0	0.0	0.0	0.0	0.0	0.0	0.0	0.0	0.0	0.0	0.0	0.0	0.0	0.0	0.0	0.0	0.0	0.0	0.0	0.0	0.0	0.0	0.0	0.0	0.0	0.0	0.0	0.0	0.0	0.0	0.0	0.0	0.0	0.0	0.0	0.0	0.0	0.0	0.0	0.0	0.0	0.0	0.0	0.0	0.0	0.0	0.0	0.0	0.0	0.0	0.0	0.0	0.0	0.0	0.0	0.0	0.0	0.0	0.0	0.0	0.0	0.0	0.0	0.0	0.0	0.0	0.0	0.0
c100	0.0	0.0	0.0	0.0	0.0	0.0	0.0	0.0	0.0	0.0	0.0	0.0	0.0	0.0	0.0	0.0	0.0	0.0	0.0	0.0	0.0	0.0	0.0	0.0	0.0	0.0	0.0	0.0	0.0	0.0	0.0	1.0	0.0	0.0	0.0	0.0	0.0	0.0	0.0	0.0	0.0	0.0	0.0	0.0	0.0	0.0	0.0	0.0	0.0	0.0	0.0	0.0	0.0	0.0	0.0	0.0	0.0	1.0	0.0	0.0	0.0	0.0	0.0	0.0	0.0	0.0	0.0	0.0	0.0	0.0	0.0	0.0	0.0	0.0	0.0	0.0	0.0	0.0	0.0	0.0	0.0	0.0	0.0	0.0	0.0	0.0	0.0	0.0	0.0	0.0	0.0	0.0	0.0	0.0	0.0	0.0	0.0	0.0	0.0	0.0	0.0	1.0	0.0	0.0	0.0	0.0	0.0	0.0	0.0	0.0	0.0	0.0	0.0	0.0	0.0	0.0	0.0	0.0	0.0	0.0	0.0	0.0	0.0	0.0	0.0	0.0	0.0	0.0	0.0	0.0	0.0	0.0	0.0	0.0	0.0	0.0	0.0	0.0	0.0	0.0	0.0	0.0	0.0	0.0	0.0	0.0	0.0	0.0	0.0	0.0	0.0	0.0	0.0	0.0	0.0	0.0	0.0	0.0	0.0	0.0	0.0	0.0	0.0	0.0	0.0	0.0	0.0	0.0	0.0	0.0	0.0	0.0	0.0	0.0	0.0	0.0	0.0	0.0	0.0	0.0	0.0	0.0	0.0	0.0	0.0	0.0	0.0	0.0	0.0	0.0	0.0	0.0	0.0	0.0	0.0	0.0	0.0	0.0	0.0	0.0	0.0	0.0	0.0	0.0	0.0	0.0	0.0	0.0	0.0	0.0	0.0	0.0	0.0	0.0	0.0	0.0	0.0	0.0	0.0	0.0	0.0	0.0	0.0	0.0	0.0	0.0	0.0	0.0	0.0	0.0	0.0	0.0	0.0	0.0	0.0	0.0	0.0	0.0	0.0	0.0	0.0	0.0	0.0	0.0	0.0	0.0	0.0	0.0	0.0	0.0	0.0	0.0	0.0	0.0	0.0	1.0	0.0	0.0	0.0	0.0	0.0	0.0	0.0	0.0	0.0	0.0	0.0	0.0	0.0	0.0	0.0	0.0	0.0	0.0	0.0	0.0	0.0	0.0	0.0	0.0	0.0	0.0	0.0	0.0	0.0	0.0	0.0	0.0	0.0	0.0	0.0	0.0	0.0	0.0	0.0	0.0	0.0	0.0	0.0	1.0	0.0	0.0	0.0	0.0	0.0	0.0	0.0	0.0	0.0	0.0	0.0	0.0	0.0	0.0	0.0	0.0	0.0	1.0	0.0	0.0	0.0	0.0	0.0	0.0	0.0	0.0	0.0	0.0	0.0	1.0	0.0	0.0	0.0	0.0	0.0	0.0	0.0	0.0	0.0	0.0	0.0	0.0	0.0	0.0	0.0	0.0	0.0	0.0	0.0	0.0	0.0	0.0	0.0	0.0	0.0	0.0	0.0	0.0	0.0	0.0	0.0	0.0	0.0	0.0	0.0	0.0	0.0	0.0	0.0	0.0	0.0	0.0	0.0	0.0	0.0	0.0	0.0	0.0	0.0	0.0	0.0	0.0	0.0	0.0	0.0	0.0	0.0	0.0	0.0	0.0	0.0	0.0	0.0	0.0	0.0	0.0	0.0	0.0	0.0	0.0	0.0	0.0	0.0	0.0	0.0	0.0	0.0	0.0	0.0	0.0	0.0	0.0	0.0	0.0	0.0	0.0	0.0	0.0	0.0	0.0	0.0	0.0	0.0	0.0	0.0	0.0	0.0	0.0	0.0	0.0	0.0	0.0	0.0	0.0	0.0	0.0	0.0	0.0	0.0	0.0	0.0	0.0	0.0	0.0	0.0	0.0	0.0	0.0	0.0	0.0	0.0	0.0	0.0	0.0	0.0	0.0	0.0	0.0	0.0	0.0	0.0	0.0	0.0	0.0	0.0	0.0	0.0	0.0	0.0	0.0	0.0	0.0	0.0	0.0	0.0	0.0	0.0	0.0	0.0	0.0	0.0	0.0	0.0	0.0	0.0	0.0	0.0	0.0	0.0	0.0	0.0	0.0	0.0	0.0	0.0	0.0	0.0	0.0	0.0	0.0	0.0	0.0	0.0	0.0	0.0	0.0	0.0	0.0	0.0	0.0	0.0	0.0	0.0	0.0	0.0	0.0	0.0	0.0	0.0	0.0	0.0	0.0	0.0	0.0	0.0	0.0	0.0	0.0	0.0	0.0	0.0	0.0	0.0	0.0	0.0	0.0	0.0	0.0	0.0	0.0	0.0	0.0	0.0	0.0	0.0	0.0	0.0	0.0	0.0	0.0	0.0	0.0	0.0	0.0	0.0	0.0	0.0	0.0	0.0	0.0	0.0	0.0	0.0	0.0	0.0	0.0	0.0	0.0	0.0	0.0	0.0	0.0	0.0	0.0	0.0	0.0	0.0	0.0	0.0	0.0	0.0	0.0	0.0	0.0	0.0	0.0	0.0	0.0	0.0	0.0	0.0	0.0	0.0	0.0	0.0	0.0	0.0	0.0	0.0	0.0	0.0	0.0	0.0	0.0	0.0	0.0	0.0	0.0	0.0	0.0	0.0	0.0	0.0	0.0	0.0	0.0	0.0	0.0	0.0	0.0	0.0	0.0	0.0	0.0	0.0	0.0	0.0	0.0	0.0	0.0	0.0	0.0	0.0	0.0	0.0	0.0	0.0	0.0	0.0	0.0	0.0	0.0	0.0	0.0	0.0	0.0	0.0	0.0	0.0	0.0	0.0	0.0	0.0	0.0	0.0	0.0	0.0	0.0	0.0	0.0	0.0	0.0	0.0	0.0	0.0	0.0	0.0	0.0	0.0	0.0	0.0	0.0	0.0	0.0	0.0	0.0	0.0	0.0	0.0	0.0	0.0	0.0	0.0	0.0	0.0	0.0	0.0	0.0	0.0	0.0	0.0	0.0	0.0	0.0	0.0	0.0	0.0	0.0	0.0	0.0	0.0	0.0	0.0	0.0	0.0	0.0	0.0	0.0	0.0	0.0	0.0	0.0	0.0	0.0	0.0	0.0	0.0	0.0	0.0	0.0	0.0	0.0	0.0	0.0	0.0	0.0	0.0	0.0	0.0	0.0	0.0	0.0	0.0	0.0	0.0	0.0	0.0	0.0	0.0	0.0	0.0	0.0	0.0	0.0	0.0	0.0	0.0	0.0	0.0	0.0	0.0	0.0	0.0	0.0	0.0	0.0	0.0	0.0	0.0	0.0	0.0	0.0	0.0
c102	0.0	0.0	0.0	0.0	0.0	0.0	0.0	0.0	0.0	0.0	0.0	0.0	0.0	0.0	0.0	0.0	0.0	1.0	0.0	0.0	0.0	0.0	0.0	0.0	0.0	0.0	0.0	0.0	0.0	0.0	0.0	0.0	0.0	0.0	0.0	0.0	0.0	0.0	1.0	0.0	0.0	0.0	1.0	0.0	0.0	0.0	0.0	0.0	0.0	0.0	0.0	0.0	0.0	1.0	0.0	1.0	0.0	0.0	1.0	0.0	0.0	0.0	0.0	0.0	0.0	1.0	0.0	0.0	0.0	0.0	0.0	0.0	0.0	0.0	0.0	0.0	0.0	0.0	0.0	0.0	0.0	0.0	0.0	0.0	0.0	0.0	0.0	0.0	0.0	0.0	0.0	0.0	0.0	0.0	0.0	0.0	0.0	0.0	0.0	0.0	0.0	0.0	0.0	0.0	0.0	0.0	0.0	0.0	0.0	0.0	0.0	0.0	0.0	0.0	0.0	0.0	0.0	0.0	0.0	0.0	0.0	0.0	0.0	0.0	0.0	0.0	0.0	0.0	0.0	0.0	0.0	1.0	0.0	0.0	0.0	0.0	0.0	0.0	0.0	0.0	0.0	0.0	1.0	0.0	0.0	0.0	0.0	0.0	0.0	0.0	0.0	0.0	0.0	0.0	0.0	0.0	0.0	0.0	0.0	0.0	0.0	0.0	0.0	0.0	0.0	0.0	0.0	0.0	0.0	0.0	0.0	0.0	0.0	0.0	0.0	0.0	0.0	0.0	0.0	0.0	0.0	0.0	0.0	0.0	0.0	0.0	0.0	0.0	0.0	0.0	0.0	0.0	0.0	0.0	0.0	0.0	0.0	0.0	0.0	0.0	0.0	0.0	0.0	0.0	0.0	0.0	0.0	0.0	0.0	0.0	0.0	0.0	0.0	0.0	0.0	0.0	0.0	0.0	0.0	0.0	0.0	0.0	0.0	0.0	0.0	0.0	0.0	0.0	0.0	0.0	0.0	0.0	0.0	0.0	0.0	0.0	0.0	0.0	0.0	0.0	0.0	0.0	0.0	0.0	0.0	0.0	0.0	0.0	0.0	0.0	0.0	0.0	0.0	0.0	0.0	0.0	0.0	0.0	0.0	0.0	0.0	0.0	0.0	0.0	0.0	0.0	0.0	0.0	0.0	0.0	0.0	1.0	0.0	0.0	0.0	0.0	0.0	0.0	0.0	0.0	0.0	0.0	0.0	0.0	0.0	0.0	0.0	0.0	0.0	0.0	0.0	0.0	0.0	0.0	0.0	0.0	0.0	0.0	0.0	0.0	0.0	0.0	0.0	0.0	0.0	0.0	0.0	0.0	0.0	0.0	0.0	0.0	1.0	0.0	0.0	0.0	0.0	0.0	0.0	0.0	0.0	0.0	0.0	0.0	0.0	0.0	0.0	0.0	0.0	0.0	0.0	0.0	0.0	0.0	0.0	0.0	0.0	0.0	0.0	0.0	0.0	0.0	0.0	0.0	0.0	0.0	0.0	0.0	0.0	0.0	0.0	0.0	0.0	0.0	0.0	0.0	0.0	0.0	0.0	0.0	0.0	0.0	0.0	0.0	0.0	1.0	0.0	0.0	0.0	0.0	0.0	0.0	0.0	0.0	0.0	0.0	0.0	0.0	0.0	0.0	0.0	0.0	0.0	0.0	1.0	0.0	0.0	0.0	0.0	0.0	0.0	0.0	0.0	0.0	0.0	0.0	0.0	0.0	0.0	0.0	0.0	0.0	0.0	0.0	0.0	0.0	0.0	0.0	0.0	0.0	0.0	0.0	0.0	0.0	0.0	0.0	0.0	0.0	0.0	0.0	2.0	0.0	0.0	0.0	0.0	0.0	0.0	0.0	0.0	0.0	0.0	0.0	0.0	0.0	0.0	0.0	1.0	0.0	0.0	1.0	0.0	0.0	0.0	0.0	0.0	0.0	0.0	0.0	0.0	0.0	0.0	0.0	0.0	0.0	0.0	0.0	0.0	0.0	0.0	0.0	0.0	0.0	0.0	0.0	0.0	0.0	0.0	0.0	0.0	0.0	0.0	0.0	0.0	0.0	0.0	0.0	0.0	0.0	0.0	0.0	0.0	0.0	0.0	0.0	0.0	0.0	0.0	0.0	0.0	0.0	0.0	1.0	0.0	0.0	0.0	0.0	0.0	0.0	0.0	0.0	0.0	0.0	0.0	0.0	0.0	0.0	0.0	0.0	0.0	0.0	0.0	0.0	0.0	0.0	0.0	0.0	0.0	0.0	0.0	0.0	0.0	0.0	0.0	0.0	0.0	0.0	0.0	0.0	1.0	0.0	0.0	0.0	0.0	0.0	0.0	0.0	0.0	0.0	0.0	0.0	0.0	0.0	0.0	0.0	0.0	0.0	0.0	0.0	0.0	0.0	0.0	0.0	0.0	0.0	0.0	0.0	0.0	0.0	0.0	0.0	0.0	0.0	0.0	0.0	0.0	0.0	0.0	0.0	0.0	0.0	0.0	0.0	0.0	0.0	0.0	0.0	0.0	0.0	0.0	0.0	0.0	0.0	0.0	0.0	0.0	0.0	0.0	0.0	0.0	0.0	0.0	0.0	0.0	0.0	0.0	0.0	0.0	0.0	1.0	0.0	0.0	0.0	0.0	0.0	0.0	0.0	0.0	0.0	0.0	0.0	0.0	0.0	0.0	0.0	0.0	0.0	0.0	0.0	0.0	0.0	0.0	0.0	0.0	0.0	0.0	0.0	0.0	0.0	0.0	0.0	0.0	0.0	0.0	0.0	1.0	0.0	0.0	0.0	0.0	0.0	0.0	0.0	0.0	0.0	0.0	0.0	0.0	1.0	0.0	0.0	0.0	0.0	0.0	0.0	0.0	1.0	0.0	1.0	0.0	0.0	0.0	0.0	0.0	0.0	0.0	1.0	0.0	0.0	0.0	0.0	0.0	0.0	0.0	3.0	0.0	0.0	0.0	0.0	0.0	0.0	0.0	0.0	0.0	0.0	0.0	0.0	0.0	0.0	1.0	0.0	0.0	0.0	0.0	0.0	0.0	0.0	0.0	0.0	0.0	0.0	0.0	0.0	0.0	0.0	0.0	0.0	0.0	0.0	0.0	0.0	0.0	0.0	0.0	0.0	0.0	0.0	0.0	0.0	0.0	0.0	0.0	0.0	0.0	0.0	0.0	0.0	0.0	0.0	0.0	0.0	0.0	0.0	0.0	1.0	0.0	0.0	0.0	0.0	0.0	0.0	0.0	0.0	0.0	0.0	0.0	0.0	0.0	0.0	0.0	0.0	0.0	0.0	0.0	0.0	0.0	0.0	0.0	0.0	0.0	0.0	0.0	0.0	0.0
c108	0.0	0.0	0.0	0.0	0.0	0.0	0.0	0.0	0.0	0.0	0.0	0.0	0.0	0.0	0.0	0.0	0.0	0.0	0.0	0.0	0.0	0.0	0.0	1.0	0.0	0.0	0.0	0.0	0.0	0.0	0.0	0.0	2.0	1.0	0.0	0.0	0.0	0.0	0.0	0.0	0.0	1.0	0.0	0.0	1.0	1.0	0.0	0.0	0.0	0.0	0.0	0.0	1.0	0.0	0.0	0.0	0.0	0.0	0.0	0.0	0.0	0.0	0.0	0.0	1.0	1.0	0.0	1.0	1.0	0.0	0.0	0.0	0.0	0.0	0.0	0.0	0.0	0.0	1.0	0.0	0.0	0.0	0.0	0.0	0.0	0.0	0.0	0.0	0.0	0.0	0.0	0.0	0.0	0.0	1.0	0.0	1.0	0.0	0.0	0.0	0.0	0.0	1.0	0.0	0.0	0.0	1.0	0.0	0.0	0.0	0.0	0.0	0.0	1.0	0.0	0.0	0.0	0.0	0.0	0.0	0.0	0.0	0.0	0.0	0.0	0.0	1.0	0.0	0.0	0.0	0.0	0.0	0.0	0.0	0.0	0.0	1.0	0.0	0.0	0.0	0.0	0.0	0.0	0.0	0.0	0.0	0.0	0.0	0.0	1.0	0.0	0.0	0.0	0.0	0.0	0.0	0.0	0.0	0.0	0.0	0.0	0.0	0.0	0.0	0.0	0.0	0.0	0.0	0.0	0.0	0.0	0.0	0.0	1.0	0.0	0.0	0.0	0.0	0.0	0.0	0.0	0.0	0.0	0.0	0.0	0.0	0.0	0.0	0.0	0.0	0.0	0.0	0.0	0.0	0.0	0.0	1.0	0.0	0.0	0.0	0.0	0.0	0.0	0.0	0.0	0.0	1.0	0.0	0.0	0.0	0.0	0.0	0.0	0.0	0.0	0.0	0.0	0.0	1.0	0.0	0.0	1.0	0.0	0.0	0.0	1.0	0.0	1.0	1.0	0.0	0.0	0.0	0.0	0.0	0.0	0.0	0.0	0.0	0.0	0.0	0.0	0.0	0.0	0.0	0.0	1.0	0.0	1.0	0.0	0.0	0.0	0.0	0.0	0.0	0.0	0.0	0.0	0.0	1.0	0.0	1.0	1.0	0.0	0.0	0.0	0.0	1.0	0.0	0.0	1.0	0.0	0.0	0.0	0.0	1.0	0.0	0.0	0.0	0.0	0.0	0.0	0.0	0.0	0.0	0.0	0.0	0.0	0.0	0.0	0.0	0.0	0.0	0.0	0.0	0.0	0.0	0.0	0.0	0.0	0.0	0.0	0.0	0.0	0.0	0.0	0.0	0.0	0.0	0.0	0.0	1.0	1.0	0.0	0.0	0.0	0.0	0.0	0.0	0.0	0.0	0.0	0.0	0.0	0.0	0.0	0.0	1.0	0.0	0.0	0.0	0.0	1.0	0.0	0.0	0.0	0.0	0.0	0.0	0.0	0.0	0.0	0.0	0.0	0.0	1.0	0.0	1.0	1.0	0.0	0.0	0.0	0.0	0.0	0.0	0.0	1.0	1.0	0.0	0.0	0.0	0.0	0.0	0.0	0.0	0.0	0.0	0.0	0.0	0.0	0.0	0.0	0.0	0.0	0.0	0.0	1.0	0.0	0.0	0.0	0.0	0.0	0.0	1.0	0.0	0.0	0.0	0.0	0.0	0.0	0.0	0.0	0.0	0.0	0.0	0.0	0.0	0.0	1.0	1.0	0.0	1.0	0.0	0.0	0.0	0.0	1.0	0.0	0.0	0.0	0.0	0.0	0.0	0.0	0.0	0.0	0.0	0.0	0.0	0.0	0.0	0.0	0.0	1.0	1.0	0.0	0.0	0.0	0.0	0.0	0.0	0.0	0.0	0.0	0.0	0.0	0.0	0.0	0.0	0.0	0.0	0.0	0.0	0.0	0.0	0.0	0.0	0.0	0.0	0.0	0.0	0.0	1.0	0.0	0.0	0.0	0.0	0.0	0.0	0.0	1.0	0.0	0.0	0.0	0.0	0.0	0.0	0.0	0.0	0.0	0.0	1.0	0.0	0.0	0.0	0.0	0.0	0.0	0.0	0.0	0.0	0.0	0.0	1.0	0.0	1.0	0.0	0.0	0.0	1.0	0.0	1.0	0.0	0.0	0.0	0.0	0.0	0.0	0.0	0.0	0.0	0.0	0.0	0.0	1.0	0.0	0.0	0.0	0.0	0.0	1.0	0.0	1.0	0.0	0.0	0.0	0.0	0.0	1.0	0.0	0.0	1.0	0.0	1.0	0.0	0.0	0.0	0.0	0.0	0.0	1.0	0.0	0.0	0.0	0.0	0.0	0.0	0.0	0.0	0.0	0.0	1.0	0.0	0.0	0.0	0.0	0.0	0.0	1.0	0.0	0.0	0.0	0.0	0.0	1.0	1.0	1.0	0.0	0.0	1.0	0.0	0.0	0.0	0.0	0.0	1.0	0.0	0.0	0.0	0.0	0.0	0.0	0.0	0.0	0.0	1.0	1.0	0.0	0.0	0.0	0.0	0.0	0.0	0.0	0.0	0.0	0.0	1.0	0.0	0.0	0.0	0.0	0.0	0.0	0.0	0.0	0.0	0.0	0.0	0.0	0.0	1.0	0.0	0.0	0.0	0.0	0.0	0.0	0.0	0.0	0.0	0.0	0.0	0.0	0.0	0.0	0.0	1.0	0.0	0.0	0.0	0.0	0.0	0.0	0.0	0.0	0.0	0.0	0.0	0.0	0.0	0.0	0.0	1.0	0.0	0.0	0.0	0.0	0.0	0.0	0.0	1.0	0.0	0.0	0.0	0.0	0.0	1.0	0.0	0.0	1.0	0.0	0.0	0.0	0.0	0.0	0.0	0.0	0.0	0.0	1.0	0.0	0.0	0.0	2.0	0.0	0.0	0.0	1.0	0.0	0.0	0.0	1.0	0.0	0.0	1.0	0.0	0.0	0.0	0.0	0.0	0.0	0.0	1.0	0.0	0.0	0.0	0.0	2.0	0.0	0.0	0.0	0.0	0.0	0.0	1.0	0.0	0.0	0.0	0.0	0.0	0.0	0.0	0.0	0.0	0.0	0.0	0.0	0.0	0.0	0.0	0.0	0.0	1.0	2.0	0.0	0.0	0.0	0.0	0.0	0.0	0.0	0.0	0.0	0.0	1.0	0.0	0.0	0.0	0.0	0.0	0.0	0.0	0.0	0.0	0.0	0.0	0.0	0.0	0.0	0.0	0.0	0.0	0.0	1.0	0.0	2.0	0.0	0.0	0.0	0.0	1.0	0.0	0.0	1.0	0.0	0.0	0.0	0.0	0.0	0.0	1.0	0.0	0.0
c109	0.0	0.0	0.0	0.0	0.0	0.0	0.0	0.0	0.0	0.0	0.0	0.0	0.0	1.0	0.0	0.0	0.0	0.0	0.0	0.0	0.0	0.0	0.0	0.0	0.0	0.0	0.0	1.0	0.0	0.0	0.0	0.0	0.0	0.0	0.0	0.0	0.0	0.0	0.0	0.0	0.0	0.0	0.0	0.0	0.0	0.0	0.0	0.0	0.0	0.0	0.0	0.0	0.0	0.0	0.0	0.0	0.0	0.0	0.0	0.0	0.0	0.0	0.0	0.0	0.0	0.0	1.0	0.0	0.0	0.0	0.0	0.0	0.0	0.0	0.0	0.0	0.0	0.0	0.0	0.0	0.0	0.0	0.0	0.0	0.0	0.0	0.0	0.0	0.0	0.0	0.0	0.0	0.0	0.0	0.0	0.0	0.0	0.0	0.0	0.0	0.0	0.0	0.0	0.0	0.0	0.0	0.0	0.0	1.0	0.0	1.0	0.0	0.0	0.0	0.0	0.0	0.0	0.0	0.0	0.0	0.0	0.0	0.0	0.0	0.0	0.0	0.0	0.0	0.0	0.0	0.0	0.0	0.0	0.0	0.0	0.0	0.0	0.0	0.0	0.0	0.0	0.0	0.0	0.0	0.0	0.0	0.0	0.0	0.0	0.0	0.0	0.0	0.0	0.0	0.0	0.0	0.0	0.0	0.0	0.0	0.0	0.0	0.0	0.0	0.0	0.0	0.0	0.0	0.0	0.0	0.0	0.0	0.0	0.0	0.0	0.0	1.0	0.0	0.0	0.0	0.0	0.0	0.0	0.0	0.0	0.0	0.0	0.0	0.0	0.0	0.0	0.0	0.0	0.0	0.0	0.0	0.0	0.0	0.0	0.0	0.0	0.0	0.0	0.0	0.0	0.0	0.0	0.0	0.0	0.0	0.0	0.0	0.0	0.0	0.0	0.0	0.0	0.0	0.0	0.0	0.0	0.0	0.0	0.0	0.0	0.0	0.0	0.0	0.0	0.0	0.0	0.0	0.0	0.0	0.0	0.0	0.0	0.0	0.0	0.0	0.0	0.0	0.0	0.0	0.0	0.0	0.0	0.0	0.0	0.0	0.0	0.0	0.0	0.0	0.0	0.0	0.0	0.0	0.0	0.0	0.0	0.0	0.0	0.0	1.0	0.0	0.0	0.0	0.0	0.0	0.0	0.0	0.0	0.0	0.0	0.0	0.0	0.0	0.0	0.0	0.0	0.0	1.0	0.0	0.0	0.0	0.0	0.0	0.0	0.0	0.0	0.0	0.0	0.0	0.0	0.0	0.0	0.0	0.0	0.0	0.0	0.0	0.0	0.0	0.0	0.0	0.0	0.0	0.0	0.0	0.0	0.0	0.0	0.0	0.0	0.0	0.0	0.0	0.0	0.0	0.0	0.0	0.0	0.0	0.0	0.0	0.0	0.0	0.0	0.0	0.0	0.0	0.0	0.0	0.0	0.0	0.0	0.0	0.0	0.0	0.0	0.0	0.0	0.0	0.0	0.0	0.0	0.0	0.0	0.0	0.0	0.0	0.0	0.0	0.0	0.0	0.0	0.0	0.0	0.0	0.0	0.0	0.0	0.0	0.0	0.0	0.0	0.0	0.0	0.0	0.0	0.0	0.0	0.0	0.0	0.0	0.0	0.0	0.0	1.0	0.0	0.0	0.0	0.0	0.0	0.0	0.0	0.0	0.0	0.0	0.0	0.0	0.0	1.0	0.0	1.0	0.0	0.0	0.0	0.0	0.0	0.0	0.0	0.0	0.0	0.0	0.0	0.0	0.0	0.0	0.0	0.0	0.0	0.0	0.0	0.0	0.0	0.0	0.0	0.0	0.0	0.0	0.0	0.0	0.0	0.0	0.0	0.0	0.0	0.0	0.0	0.0	0.0	0.0	0.0	0.0	0.0	0.0	0.0	0.0	1.0	0.0	0.0	0.0	1.0	0.0	0.0	0.0	0.0	0.0	0.0	0.0	0.0	0.0	0.0	0.0	0.0	0.0	0.0	0.0	0.0	0.0	0.0	0.0	0.0	0.0	0.0	0.0	0.0	0.0	0.0	0.0	0.0	0.0	0.0	0.0	0.0	0.0	0.0	0.0	0.0	0.0	0.0	0.0	0.0	0.0	0.0	0.0	0.0	0.0	0.0	0.0	0.0	0.0	0.0	0.0	0.0	0.0	0.0	0.0	0.0	0.0	0.0	0.0	0.0	0.0	0.0	0.0	0.0	0.0	0.0	0.0	0.0	0.0	0.0	0.0	0.0	0.0	0.0	0.0	0.0	0.0	0.0	0.0	0.0	0.0	0.0	0.0	0.0	0.0	1.0	0.0	0.0	0.0	0.0	0.0	0.0	0.0	0.0	0.0	0.0	0.0	0.0	0.0	0.0	0.0	0.0	0.0	0.0	0.0	0.0	0.0	0.0	0.0	0.0	0.0	0.0	0.0	0.0	0.0	0.0	0.0	0.0	0.0	0.0	0.0	0.0	0.0	1.0	0.0	0.0	0.0	0.0	0.0	0.0	0.0	0.0	0.0	0.0	0.0	0.0	0.0	0.0	0.0	0.0	0.0	0.0	0.0	0.0	0.0	0.0	0.0	0.0	0.0	0.0	0.0	0.0	0.0	0.0	0.0	0.0	0.0	0.0	0.0	0.0	0.0	0.0	0.0	0.0	0.0	0.0	0.0	0.0	0.0	0.0	0.0	0.0	0.0	0.0	0.0	0.0	0.0	0.0	0.0	0.0	0.0	1.0	0.0	0.0	0.0	0.0	0.0	0.0	0.0	0.0	0.0	0.0	0.0	0.0	0.0	0.0	0.0	0.0	0.0	0.0	0.0	0.0	0.0	0.0	0.0	0.0	0.0	0.0	0.0	0.0	0.0	0.0	0.0	0.0	0.0	0.0	0.0	0.0	0.0	0.0	0.0	0.0	0.0	0.0	0.0	0.0	0.0	0.0	0.0	0.0	0.0	0.0	0.0	0.0	0.0	0.0	0.0	0.0	0.0	0.0	0.0	0.0	0.0	0.0	0.0	0.0	0.0	0.0	0.0	0.0	1.0	0.0	0.0	0.0	0.0	0.0	0.0	0.0	0.0	0.0	0.0	0.0	0.0	0.0	0.0	0.0	0.0	0.0	0.0	0.0	0.0	0.0	0.0	0.0	0.0	0.0	0.0	0.0	0.0	0.0	0.0	0.0	0.0	0.0	0.0	0.0	0.0	0.0	0.0	0.0	0.0	0.0	0.0	0.0	0.0	0.0	0.0	0.0	0.0	0.0	0.0	0.0	0.0	1.0	0.0	0.0	0.0	0.0	0.0	0.0	0.0	0.0	0.0	0.0	0.0	0.0	0.0	0.0
c111	0.0	0.0	0.0	0.0	0.0	0.0	0.0	0.0	0.0	0.0	0.0	0.0	0.0	0.0	0.0	0.0	0.0	0.0	0.0	0.0	0.0	0.0	0.0	0.0	0.0	0.0	0.0	0.0	0.0	0.0	0.0	0.0	0.0	0.0	0.0	0.0	0.0	0.0	0.0	0.0	0.0	0.0	0.0	0.0	1.0	0.0	0.0	0.0	0.0	0.0	0.0	0.0	0.0	0.0	0.0	0.0	0.0	0.0	0.0	0.0	0.0	0.0	0.0	0.0	0.0	0.0	0.0	0.0	0.0	0.0	0.0	0.0	0.0	0.0	0.0	0.0	0.0	0.0	0.0	0.0	0.0	0.0	0.0	0.0	0.0	0.0	0.0	0.0	0.0	0.0	0.0	0.0	0.0	0.0	0.0	0.0	0.0	1.0	0.0	0.0	0.0	0.0	0.0	0.0	0.0	0.0	0.0	0.0	0.0	0.0	0.0	0.0	0.0	0.0	0.0	0.0	0.0	0.0	0.0	0.0	0.0	0.0	0.0	0.0	0.0	0.0	0.0	0.0	0.0	0.0	0.0	0.0	0.0	0.0	0.0	0.0	0.0	0.0	0.0	0.0	0.0	0.0	0.0	0.0	0.0	0.0	0.0	0.0	0.0	0.0	0.0	0.0	0.0	0.0	0.0	0.0	0.0	0.0	0.0	0.0	0.0	0.0	0.0	0.0	0.0	0.0	0.0	0.0	0.0	0.0	0.0	0.0	0.0	0.0	0.0	0.0	0.0	0.0	0.0	0.0	0.0	0.0	0.0	0.0	0.0	0.0	0.0	0.0	0.0	0.0	0.0	0.0	0.0	0.0	0.0	0.0	0.0	0.0	0.0	0.0	0.0	0.0	0.0	0.0	0.0	0.0	0.0	0.0	0.0	0.0	0.0	0.0	0.0	0.0	0.0	0.0	0.0	0.0	0.0	0.0	0.0	0.0	0.0	0.0	0.0	0.0	0.0	0.0	0.0	0.0	0.0	0.0	0.0	0.0	0.0	0.0	0.0	0.0	0.0	0.0	0.0	0.0	0.0	0.0	0.0	0.0	0.0	0.0	0.0	0.0	0.0	0.0	0.0	0.0	0.0	0.0	0.0	0.0	0.0	0.0	0.0	0.0	0.0	0.0	0.0	0.0	0.0	0.0	0.0	0.0	0.0	0.0	0.0	0.0	0.0	0.0	0.0	0.0	0.0	0.0	0.0	0.0	0.0	0.0	0.0	0.0	0.0	0.0	0.0	0.0	0.0	0.0	0.0	0.0	0.0	0.0	0.0	0.0	0.0	0.0	0.0	0.0	0.0	0.0	0.0	0.0	0.0	0.0	0.0	0.0	0.0	0.0	0.0	0.0	0.0	0.0	0.0	0.0	0.0	0.0	0.0	0.0	0.0	0.0	0.0	0.0	0.0	0.0	0.0	0.0	0.0	0.0	0.0	0.0	0.0	0.0	0.0	0.0	0.0	0.0	0.0	0.0	0.0	0.0	0.0	0.0	0.0	0.0	0.0	0.0	0.0	0.0	0.0	0.0	0.0	0.0	0.0	0.0	0.0	0.0	0.0	0.0	0.0	0.0	0.0	0.0	0.0	0.0	0.0	0.0	0.0	0.0	0.0	0.0	0.0	0.0	0.0	0.0	0.0	0.0	0.0	0.0	0.0	0.0	0.0	0.0	0.0	0.0	0.0	0.0	0.0	0.0	0.0	0.0	0.0	0.0	0.0	0.0	1.0	0.0	0.0	0.0	0.0	0.0	0.0	0.0	0.0	0.0	0.0	0.0	0.0	0.0	0.0	0.0	0.0	0.0	0.0	0.0	0.0	0.0	0.0	0.0	0.0	0.0	0.0	0.0	0.0	0.0	0.0	0.0	0.0	0.0	0.0	0.0	0.0	0.0	0.0	0.0	0.0	0.0	0.0	0.0	0.0	1.0	0.0	0.0	0.0	0.0	0.0	0.0	0.0	0.0	0.0	0.0	0.0	0.0	0.0	0.0	0.0	0.0	0.0	0.0	0.0	0.0	0.0	0.0	0.0	0.0	0.0	0.0	0.0	0.0	0.0	0.0	0.0	0.0	0.0	0.0	0.0	0.0	0.0	0.0	0.0	0.0	0.0	0.0	0.0	0.0	0.0	0.0	0.0	0.0	0.0	0.0	0.0	0.0	0.0	0.0	0.0	0.0	0.0	0.0	0.0	0.0	0.0	0.0	0.0	0.0	0.0	0.0	0.0	0.0	0.0	0.0	0.0	0.0	0.0	0.0	0.0	0.0	0.0	0.0	0.0	0.0	0.0	0.0	0.0	0.0	0.0	0.0	0.0	0.0	0.0	0.0	0.0	0.0	0.0	0.0	0.0	0.0	0.0	0.0	0.0	0.0	0.0	0.0	0.0	0.0	0.0	0.0	0.0	0.0	0.0	0.0	0.0	0.0	0.0	0.0	0.0	0.0	0.0	0.0	0.0	0.0	0.0	0.0	0.0	0.0	0.0	0.0	0.0	0.0	0.0	0.0	0.0	0.0	0.0	0.0	0.0	0.0	0.0	0.0	0.0	0.0	0.0	0.0	0.0	0.0	0.0	0.0	0.0	0.0	0.0	0.0	0.0	0.0	0.0	0.0	0.0	0.0	0.0	0.0	0.0	0.0	0.0	0.0	0.0	0.0	0.0	0.0	0.0	0.0	0.0	0.0	0.0	0.0	0.0	0.0	0.0	0.0	0.0	0.0	0.0	0.0	0.0	0.0	0.0	0.0	0.0	0.0	0.0	0.0	0.0	0.0	0.0	0.0	0.0	0.0	0.0	0.0	0.0	0.0	0.0	0.0	0.0	0.0	0.0	0.0	0.0	0.0	0.0	0.0	0.0	0.0	0.0	0.0	0.0	0.0	0.0	0.0	0.0	0.0	0.0	0.0	0.0	0.0	0.0	0.0	0.0	0.0	0.0	0.0	0.0	0.0	0.0	0.0	0.0	0.0	0.0	0.0	0.0	0.0	0.0	0.0	0.0	0.0	0.0	0.0	0.0	0.0	0.0	0.0	0.0	0.0	0.0	0.0	0.0	0.0	0.0	0.0	0.0	0.0	0.0	0.0	0.0	0.0	0.0	0.0	0.0	1.0	0.0	0.0	0.0	0.0	0.0	0.0	0.0	0.0	0.0	0.0	0.0	0.0	0.0	0.0	0.0	0.0	0.0	0.0	0.0	0.0	0.0	0.0	0.0	0.0	0.0	0.0	0.0	0.0	0.0	0.0	0.0	0.0	0.0	0.0	0.0	0.0	0.0	0.0	0.0	0.0	0.0	0.0	0.0	0.0	0.0	0.0	0.0	0.0	0.0	0.0	0.0	0.0	0.0
c130	0.0	0.0	0.0	0.0	0.0	0.0	0.0	0.0	0.0	0.0	0.0	0.0	0.0	0.0	0.0	0.0	0.0	0.0	0.0	0.0	0.0	0.0	0.0	0.0	0.0	0.0	0.0	0.0	0.0	0.0	0.0	0.0	0.0	0.0	0.0	0.0	0.0	0.0	0.0	0.0	0.0	0.0	0.0	0.0	0.0	0.0	0.0	0.0	0.0	0.0	0.0	0.0	0.0	0.0	0.0	0.0	0.0	0.0	0.0	0.0	0.0	0.0	0.0	0.0	0.0	0.0	0.0	0.0	0.0	0.0	0.0	0.0	0.0	0.0	0.0	0.0	0.0	0.0	0.0	0.0	0.0	0.0	0.0	0.0	0.0	0.0	0.0	0.0	0.0	0.0	0.0	0.0	0.0	0.0	0.0	0.0	0.0	0.0	0.0	0.0	0.0	0.0	0.0	0.0	0.0	0.0	0.0	0.0	0.0	0.0	0.0	0.0	0.0	0.0	0.0	0.0	0.0	0.0	0.0	0.0	0.0	0.0	0.0	0.0	0.0	0.0	0.0	0.0	0.0	0.0	0.0	0.0	0.0	0.0	0.0	0.0	0.0	0.0	0.0	0.0	0.0	0.0	0.0	0.0	0.0	0.0	0.0	0.0	0.0	0.0	0.0	0.0	0.0	0.0	0.0	0.0	0.0	0.0	0.0	0.0	0.0	0.0	0.0	0.0	0.0	0.0	0.0	0.0	0.0	0.0	0.0	0.0	0.0	0.0	0.0	0.0	0.0	0.0	0.0	0.0	0.0	0.0	0.0	0.0	0.0	0.0	0.0	0.0	0.0	0.0	0.0	0.0	0.0	0.0	0.0	0.0	0.0	0.0	0.0	0.0	0.0	0.0	0.0	0.0	0.0	0.0	0.0	0.0	0.0	0.0	0.0	0.0	0.0	0.0	0.0	0.0	0.0	0.0	0.0	0.0	0.0	0.0	0.0	0.0	0.0	0.0	0.0	0.0	0.0	0.0	0.0	0.0	0.0	0.0	0.0	0.0	0.0	0.0	0.0	0.0	0.0	0.0	0.0	0.0	0.0	0.0	0.0	0.0	0.0	0.0	0.0	0.0	0.0	0.0	0.0	0.0	0.0	0.0	0.0	0.0	0.0	0.0	0.0	0.0	0.0	1.0	0.0	0.0	0.0	0.0	0.0	0.0	0.0	0.0	0.0	0.0	0.0	0.0	0.0	0.0	0.0	0.0	0.0	0.0	0.0	0.0	0.0	0.0	0.0	0.0	0.0	0.0	0.0	0.0	0.0	0.0	0.0	0.0	0.0	0.0	0.0	0.0	0.0	0.0	0.0	0.0	0.0	0.0	0.0	0.0	0.0	0.0	0.0	0.0	0.0	0.0	0.0	0.0	0.0	0.0	0.0	0.0	0.0	0.0	0.0	0.0	0.0	0.0	0.0	0.0	0.0	0.0	0.0	0.0	0.0	0.0	0.0	0.0	0.0	0.0	0.0	0.0	0.0	0.0	0.0	0.0	0.0	0.0	0.0	0.0	0.0	0.0	0.0	0.0	0.0	0.0	0.0	0.0	0.0	0.0	0.0	0.0	0.0	0.0	0.0	0.0	0.0	0.0	0.0	0.0	0.0	0.0	0.0	0.0	0.0	0.0	0.0	0.0	0.0	0.0	0.0	0.0	0.0	0.0	0.0	0.0	0.0	0.0	0.0	0.0	0.0	0.0	0.0	0.0	0.0	0.0	0.0	0.0	0.0	0.0	0.0	0.0	0.0	0.0	0.0	0.0	0.0	0.0	0.0	0.0	0.0	0.0	0.0	0.0	0.0	0.0	0.0	0.0	0.0	0.0	0.0	0.0	0.0	0.0	0.0	0.0	0.0	0.0	0.0	0.0	0.0	0.0	0.0	0.0	0.0	0.0	0.0	0.0	0.0	0.0	0.0	0.0	0.0	0.0	0.0	0.0	0.0	0.0	0.0	0.0	0.0	0.0	0.0	0.0	0.0	0.0	1.0	0.0	0.0	0.0	0.0	0.0	0.0	0.0	0.0	0.0	1.0	0.0	0.0	0.0	0.0	0.0	0.0	0.0	0.0	0.0	0.0	0.0	0.0	0.0	0.0	0.0	0.0	0.0	0.0	0.0	0.0	0.0	0.0	0.0	0.0	0.0	0.0	0.0	0.0	0.0	0.0	0.0	0.0	0.0	0.0	0.0	0.0	0.0	0.0	0.0	0.0	0.0	0.0	0.0	0.0	0.0	0.0	0.0	0.0	0.0	0.0	0.0	0.0	0.0	0.0	0.0	0.0	0.0	0.0	0.0	0.0	0.0	0.0	0.0	0.0	0.0	0.0	0.0	0.0	0.0	0.0	0.0	0.0	0.0	0.0	0.0	0.0	0.0	0.0	0.0	0.0	0.0	0.0	0.0	0.0	0.0	0.0	0.0	0.0	0.0	0.0	0.0	0.0	0.0	0.0	0.0	0.0	0.0	0.0	0.0	0.0	0.0	0.0	0.0	0.0	0.0	0.0	0.0	0.0	0.0	0.0	0.0	0.0	0.0	0.0	0.0	0.0	0.0	0.0	0.0	0.0	0.0	0.0	0.0	0.0	0.0	0.0	0.0	0.0	0.0	0.0	0.0	0.0	0.0	0.0	0.0	0.0	0.0	0.0	0.0	0.0	0.0	0.0	0.0	0.0	0.0	0.0	0.0	0.0	0.0	0.0	0.0	0.0	0.0	0.0	0.0	0.0	0.0	0.0	0.0	0.0	0.0	0.0	0.0	0.0	0.0	0.0	0.0	0.0	0.0	0.0	0.0	0.0	0.0	0.0	0.0	0.0	0.0	0.0	0.0	0.0	0.0	0.0	0.0	0.0	0.0	0.0	0.0	0.0	0.0	0.0	0.0	0.0	0.0	0.0	0.0	0.0	0.0	0.0	0.0	0.0	0.0	0.0	0.0	0.0	0.0	0.0	0.0	0.0	0.0	0.0	0.0	0.0	0.0	0.0	0.0	0.0	0.0	0.0	0.0	0.0	0.0	0.0	0.0	0.0	0.0	0.0	0.0	0.0	0.0	0.0	0.0	0.0	0.0	0.0	0.0	0.0	0.0	0.0	0.0	0.0	0.0	0.0	0.0	0.0	0.0	0.0	0.0	0.0	0.0	0.0	0.0	0.0	0.0	0.0	0.0	0.0	0.0	0.0	0.0	0.0	0.0	0.0	0.0	0.0	0.0	0.0	0.0	0.0	0.0	0.0	0.0	0.0	0.0	0.0	0.0	0.0	0.0	0.0	0.0	0.0	0.0	0.0	0.0	0.0	0.0	0.0	0.0	0.0	0.0	0.0	0.0	0.0	0.0	0.0	0.0	0.0
c131	0.0	0.0	0.0	0.0	0.0	0.0	0.0	0.0	0.0	0.0	0.0	0.0	0.0	0.0	0.0	0.0	0.0	0.0	0.0	0.0	0.0	0.0	0.0	0.0	0.0	0.0	0.0	0.0	0.0	0.0	0.0	0.0	0.0	0.0	0.0	0.0	0.0	0.0	0.0	0.0	0.0	0.0	0.0	0.0	0.0	0.0	0.0	0.0	0.0	0.0	0.0	0.0	0.0	0.0	0.0	0.0	0.0	0.0	0.0	0.0	0.0	0.0	0.0	0.0	0.0	0.0	0.0	0.0	0.0	0.0	0.0	0.0	0.0	0.0	0.0	0.0	0.0	0.0	0.0	0.0	0.0	0.0	0.0	0.0	0.0	0.0	0.0	0.0	0.0	0.0	0.0	0.0	0.0	0.0	0.0	0.0	0.0	0.0	0.0	0.0	0.0	0.0	0.0	0.0	0.0	0.0	0.0	0.0	0.0	0.0	0.0	0.0	0.0	0.0	0.0	0.0	0.0	0.0	0.0	0.0	0.0	0.0	0.0	0.0	0.0	0.0	0.0	0.0	0.0	0.0	0.0	0.0	0.0	0.0	0.0	0.0	0.0	0.0	0.0	0.0	0.0	0.0	0.0	0.0	0.0	0.0	0.0	0.0	0.0	0.0	0.0	0.0	0.0	0.0	0.0	0.0	0.0	0.0	0.0	0.0	0.0	0.0	0.0	0.0	0.0	0.0	0.0	0.0	0.0	0.0	0.0	0.0	0.0	0.0	0.0	0.0	0.0	0.0	0.0	0.0	0.0	0.0	0.0	0.0	0.0	0.0	0.0	0.0	0.0	0.0	0.0	0.0	0.0	0.0	0.0	0.0	0.0	0.0	0.0	0.0	0.0	0.0	0.0	0.0	0.0	0.0	0.0	0.0	0.0	0.0	0.0	0.0	0.0	0.0	0.0	0.0	0.0	0.0	0.0	0.0	0.0	0.0	0.0	0.0	0.0	0.0	0.0	0.0	1.0	0.0	0.0	0.0	0.0	0.0	0.0	0.0	0.0	0.0	0.0	0.0	0.0	0.0	0.0	0.0	0.0	0.0	0.0	0.0	0.0	0.0	0.0	0.0	0.0	0.0	0.0	0.0	0.0	0.0	0.0	0.0	0.0	0.0	0.0	0.0	0.0	0.0	0.0	0.0	0.0	0.0	0.0	0.0	0.0	0.0	0.0	0.0	0.0	0.0	0.0	0.0	0.0	0.0	0.0	0.0	0.0	0.0	0.0	0.0	0.0	0.0	0.0	0.0	0.0	0.0	0.0	0.0	0.0	0.0	1.0	0.0	0.0	0.0	0.0	0.0	0.0	0.0	0.0	0.0	0.0	0.0	0.0	0.0	0.0	0.0	0.0	0.0	0.0	0.0	0.0	0.0	0.0	0.0	0.0	0.0	0.0	0.0	0.0	0.0	0.0	0.0	0.0	0.0	0.0	0.0	0.0	0.0	0.0	0.0	0.0	0.0	0.0	1.0	0.0	0.0	0.0	0.0	0.0	0.0	0.0	0.0	0.0	0.0	0.0	0.0	0.0	0.0	0.0	0.0	0.0	0.0	0.0	0.0	0.0	0.0	0.0	0.0	0.0	0.0	0.0	0.0	0.0	0.0	0.0	0.0	0.0	0.0	0.0	0.0	0.0	0.0	0.0	0.0	0.0	0.0	0.0	0.0	0.0	0.0	0.0	0.0	0.0	0.0	0.0	0.0	0.0	0.0	0.0	0.0	0.0	0.0	0.0	0.0	0.0	0.0	0.0	0.0	0.0	0.0	0.0	0.0	0.0	0.0	0.0	0.0	0.0	0.0	0.0	0.0	0.0	0.0	0.0	0.0	0.0	0.0	0.0	0.0	0.0	0.0	0.0	0.0	0.0	0.0	0.0	0.0	0.0	0.0	0.0	0.0	0.0	0.0	0.0	0.0	0.0	0.0	0.0	0.0	0.0	0.0	0.0	0.0	0.0	0.0	0.0	0.0	0.0	0.0	0.0	0.0	0.0	0.0	0.0	0.0	0.0	0.0	0.0	0.0	0.0	0.0	0.0	0.0	0.0	0.0	0.0	0.0	0.0	0.0	0.0	0.0	0.0	0.0	0.0	0.0	0.0	0.0	0.0	0.0	0.0	0.0	0.0	0.0	0.0	0.0	0.0	0.0	0.0	0.0	0.0	0.0	0.0	0.0	0.0	0.0	0.0	0.0	0.0	0.0	0.0	0.0	0.0	0.0	0.0	0.0	0.0	0.0	0.0	0.0	0.0	0.0	0.0	0.0	0.0	0.0	0.0	0.0	0.0	0.0	0.0	0.0	0.0	0.0	0.0	0.0	0.0	0.0	0.0	0.0	0.0	0.0	0.0	0.0	0.0	0.0	0.0	0.0	0.0	0.0	0.0	0.0	0.0	0.0	1.0	0.0	0.0	0.0	0.0	0.0	0.0	0.0	0.0	0.0	0.0	0.0	0.0	0.0	0.0	0.0	0.0	0.0	0.0	0.0	0.0	0.0	0.0	0.0	0.0	0.0	0.0	0.0	0.0	0.0	0.0	0.0	0.0	0.0	0.0	0.0	0.0	0.0	0.0	0.0	0.0	0.0	0.0	0.0	0.0	0.0	0.0	0.0	0.0	0.0	0.0	0.0	0.0	0.0	0.0	0.0	0.0	0.0	0.0	0.0	0.0	0.0	0.0	0.0	0.0	0.0	0.0	0.0	0.0	0.0	0.0	0.0	0.0	0.0	0.0	0.0	0.0	0.0	0.0	0.0	0.0	0.0	1.0	0.0	0.0	0.0	0.0	0.0	0.0	0.0	0.0	0.0	0.0	0.0	0.0	0.0	0.0	0.0	0.0	0.0	0.0	0.0	0.0	0.0	0.0	0.0	0.0	0.0	0.0	0.0	0.0	0.0	0.0	0.0	0.0	0.0	0.0	0.0	0.0	0.0	0.0	0.0	0.0	0.0	0.0	0.0	0.0	0.0	0.0	0.0	0.0	0.0	0.0	0.0	0.0	0.0	0.0	0.0	0.0	0.0	0.0	0.0	0.0	0.0	0.0	0.0	0.0	0.0	0.0	0.0	0.0	0.0	0.0	0.0	0.0	0.0	0.0	0.0	0.0	0.0	0.0	0.0	0.0	0.0	0.0	0.0	0.0	0.0	0.0	0.0	0.0	0.0	0.0	0.0	0.0	0.0	0.0	0.0	0.0	0.0	0.0	0.0	0.0	0.0	0.0	0.0	0.0	0.0	0.0	0.0	0.0	0.0	0.0	0.0	0.0	0.0	0.0	0.0	0.0	0.0	0.0	0.0	0.0	0.0	0.0	0.0	0.0	0.0	0.0	0.0	0.0	0.0	0.0
c132	0.0	0.0	0.0	0.0	0.0	0.0	0.0	0.0	0.0	0.0	0.0	0.0	0.0	0.0	0.0	0.0	0.0	0.0	0.0	0.0	0.0	0.0	0.0	0.0	0.0	0.0	0.0	0.0	0.0	0.0	0.0	0.0	0.0	0.0	0.0	0.0	0.0	0.0	0.0	0.0	0.0	0.0	0.0	0.0	0.0	0.0	0.0	0.0	0.0	0.0	0.0	0.0	0.0	0.0	0.0	0.0	0.0	0.0	0.0	0.0	0.0	0.0	0.0	0.0	0.0	0.0	0.0	0.0	0.0	0.0	0.0	0.0	0.0	0.0	0.0	0.0	0.0	0.0	0.0	0.0	0.0	0.0	0.0	0.0	0.0	0.0	0.0	0.0	0.0	0.0	0.0	0.0	0.0	0.0	0.0	0.0	0.0	0.0	0.0	0.0	0.0	0.0	0.0	0.0	0.0	0.0	0.0	0.0	0.0	0.0	0.0	0.0	0.0	0.0	0.0	0.0	0.0	0.0	0.0	0.0	0.0	0.0	0.0	0.0	0.0	0.0	0.0	0.0	0.0	0.0	0.0	0.0	0.0	0.0	0.0	0.0	0.0	0.0	0.0	0.0	0.0	0.0	0.0	0.0	0.0	0.0	0.0	0.0	0.0	0.0	0.0	0.0	0.0	0.0	0.0	0.0	0.0	0.0	0.0	0.0	0.0	0.0	0.0	0.0	0.0	0.0	0.0	0.0	0.0	0.0	0.0	0.0	0.0	0.0	0.0	0.0	0.0	0.0	0.0	0.0	0.0	0.0	0.0	0.0	0.0	0.0	0.0	0.0	0.0	0.0	0.0	0.0	0.0	0.0	0.0	0.0	0.0	0.0	0.0	0.0	0.0	0.0	0.0	0.0	0.0	0.0	0.0	0.0	0.0	0.0	0.0	0.0	0.0	0.0	0.0	0.0	0.0	0.0	0.0	0.0	0.0	0.0	0.0	0.0	0.0	0.0	0.0	0.0	0.0	0.0	0.0	0.0	0.0	0.0	0.0	0.0	0.0	0.0	0.0	0.0	0.0	0.0	0.0	0.0	0.0	0.0	0.0	0.0	0.0	0.0	0.0	0.0	0.0	0.0	0.0	0.0	0.0	0.0	0.0	0.0	0.0	0.0	0.0	0.0	0.0	0.0	0.0	0.0	0.0	0.0	0.0	0.0	0.0	0.0	0.0	0.0	0.0	0.0	0.0	0.0	0.0	0.0	0.0	0.0	0.0	0.0	0.0	0.0	0.0	0.0	0.0	0.0	0.0	0.0	0.0	0.0	0.0	0.0	0.0	0.0	0.0	0.0	0.0	0.0	0.0	0.0	0.0	0.0	0.0	0.0	0.0	0.0	0.0	0.0	0.0	0.0	0.0	0.0	0.0	0.0	0.0	0.0	0.0	0.0	0.0	0.0	0.0	0.0	0.0	0.0	0.0	0.0	0.0	0.0	0.0	0.0	0.0	0.0	0.0	0.0	0.0	0.0	0.0	0.0	0.0	0.0	0.0	0.0	0.0	0.0	0.0	0.0	0.0	0.0	0.0	0.0	0.0	0.0	0.0	0.0	0.0	0.0	0.0	0.0	0.0	0.0	0.0	0.0	0.0	0.0	0.0	0.0	0.0	0.0	0.0	0.0	0.0	0.0	0.0	0.0	0.0	0.0	0.0	0.0	0.0	0.0	0.0	0.0	0.0	0.0	0.0	0.0	0.0	0.0	0.0	0.0	0.0	0.0	0.0	0.0	0.0	0.0	0.0	0.0	0.0	0.0	0.0	0.0	0.0	0.0	0.0	0.0	0.0	0.0	0.0	0.0	0.0	0.0	0.0	0.0	0.0	0.0	0.0	0.0	1.0	0.0	0.0	0.0	0.0	0.0	0.0	0.0	0.0	0.0	0.0	0.0	0.0	0.0	0.0	0.0	0.0	0.0	0.0	0.0	0.0	0.0	0.0	0.0	0.0	0.0	0.0	0.0	0.0	0.0	0.0	0.0	0.0	0.0	0.0	0.0	0.0	0.0	0.0	0.0	0.0	0.0	0.0	0.0	0.0	0.0	0.0	0.0	0.0	0.0	0.0	0.0	0.0	0.0	0.0	0.0	0.0	0.0	0.0	0.0	0.0	0.0	0.0	0.0	0.0	0.0	0.0	0.0	0.0	0.0	0.0	0.0	0.0	0.0	0.0	0.0	0.0	0.0	0.0	0.0	0.0	0.0	0.0	0.0	0.0	0.0	0.0	0.0	0.0	0.0	0.0	0.0	0.0	0.0	0.0	0.0	0.0	0.0	0.0	0.0	0.0	0.0	0.0	0.0	0.0	0.0	0.0	0.0	0.0	0.0	0.0	0.0	0.0	0.0	0.0	0.0	0.0	0.0	0.0	0.0	0.0	0.0	0.0	0.0	0.0	0.0	0.0	0.0	0.0	0.0	0.0	0.0	0.0	0.0	0.0	0.0	0.0	0.0	0.0	0.0	0.0	0.0	0.0	0.0	0.0	0.0	0.0	0.0	0.0	0.0	0.0	0.0	0.0	0.0	0.0	0.0	0.0	0.0	0.0	0.0	0.0	0.0	0.0	0.0	0.0	0.0	0.0	0.0	0.0	0.0	0.0	0.0	0.0	0.0	0.0	0.0	0.0	0.0	0.0	0.0	0.0	0.0	0.0	0.0	0.0	0.0	0.0	0.0	0.0	0.0	0.0	0.0	0.0	0.0	0.0	0.0	0.0	0.0	0.0	0.0	0.0	0.0	0.0	0.0	0.0	0.0	0.0	0.0	0.0	0.0	0.0	0.0	0.0	0.0	0.0	0.0	0.0	0.0	0.0	1.0	0.0	0.0	0.0	0.0	0.0	0.0	0.0	0.0	0.0	0.0	0.0	0.0	0.0	0.0	0.0	0.0	0.0	0.0	0.0	0.0	0.0	0.0	0.0	0.0	0.0	0.0	0.0	0.0	0.0	0.0	0.0	0.0	0.0	0.0	0.0	0.0	0.0	0.0	0.0	0.0	0.0	0.0	0.0	0.0	0.0	0.0	0.0	0.0	0.0	0.0	0.0	0.0	0.0	0.0	0.0	0.0	0.0	0.0	0.0	0.0	0.0	0.0	0.0	0.0	0.0	0.0	0.0	0.0	0.0	0.0	0.0	0.0	0.0	0.0	0.0	0.0	0.0	0.0	0.0	0.0	0.0	0.0	0.0	0.0	0.0	0.0	0.0	0.0	0.0	0.0	0.0	0.0	0.0	0.0	0.0	0.0	0.0	0.0	0.0	0.0	0.0	0.0	0.0	0.0	0.0	0.0	0.0	0.0	0.0	0.0	0.0	0.0	0.0	0.0	0.0	0.0	0.0	0.0	0.0
c138	0.0	2.0	0.0	0.0	0.0	1.0	0.0	0.0	0.0	1.0	0.0	0.0	0.0	0.0	0.0	0.0	1.0	0.0	1.0	0.0	0.0	0.0	0.0	1.0	0.0	1.0	0.0	1.0	1.0	0.0	2.0	0.0	0.0	0.0	0.0	0.0	0.0	0.0	0.0	0.0	0.0	0.0	0.0	0.0	0.0	0.0	0.0	0.0	0.0	0.0	0.0	0.0	0.0	1.0	1.0	0.0	0.0	0.0	0.0	0.0	0.0	1.0	0.0	0.0	0.0	0.0	0.0	0.0	0.0	0.0	0.0	0.0	1.0	0.0	0.0	0.0	0.0	0.0	0.0	0.0	0.0	0.0	0.0	0.0	0.0	0.0	0.0	0.0	0.0	0.0	0.0	0.0	0.0	0.0	0.0	0.0	0.0	0.0	0.0	0.0	0.0	0.0	0.0	0.0	0.0	1.0	0.0	0.0	0.0	0.0	0.0	0.0	0.0	0.0	0.0	0.0	0.0	0.0	1.0	0.0	0.0	0.0	0.0	0.0	0.0	0.0	0.0	0.0	0.0	0.0	0.0	0.0	0.0	0.0	0.0	0.0	0.0	0.0	0.0	0.0	0.0	0.0	0.0	0.0	0.0	0.0	0.0	0.0	0.0	0.0	0.0	0.0	0.0	0.0	1.0	0.0	0.0	0.0	0.0	0.0	0.0	0.0	0.0	0.0	0.0	0.0	0.0	0.0	0.0	1.0	0.0	0.0	0.0	0.0	0.0	0.0	0.0	0.0	0.0	0.0	0.0	0.0	0.0	0.0	0.0	1.0	1.0	0.0	1.0	0.0	0.0	0.0	0.0	0.0	0.0	2.0	0.0	0.0	0.0	0.0	0.0	0.0	0.0	0.0	0.0	0.0	0.0	0.0	0.0	0.0	0.0	0.0	1.0	0.0	0.0	0.0	0.0	0.0	0.0	0.0	0.0	0.0	0.0	0.0	0.0	0.0	0.0	0.0	0.0	0.0	0.0	0.0	0.0	0.0	0.0	1.0	0.0	0.0	0.0	1.0	0.0	0.0	0.0	0.0	0.0	0.0	0.0	0.0	0.0	0.0	0.0	0.0	0.0	1.0	0.0	0.0	0.0	0.0	0.0	0.0	0.0	0.0	0.0	0.0	0.0	0.0	0.0	0.0	0.0	0.0	0.0	0.0	0.0	0.0	0.0	0.0	0.0	0.0	0.0	0.0	0.0	0.0	0.0	0.0	0.0	0.0	0.0	0.0	0.0	0.0	1.0	0.0	0.0	0.0	0.0	0.0	0.0	0.0	0.0	0.0	0.0	0.0	0.0	1.0	0.0	0.0	1.0	0.0	0.0	1.0	0.0	0.0	0.0	0.0	0.0	0.0	0.0	0.0	0.0	0.0	0.0	0.0	0.0	0.0	0.0	0.0	0.0	1.0	0.0	0.0	0.0	0.0	0.0	0.0	0.0	0.0	0.0	0.0	0.0	0.0	0.0	0.0	0.0	0.0	0.0	0.0	0.0	0.0	0.0	0.0	0.0	0.0	0.0	0.0	0.0	1.0	0.0	0.0	0.0	0.0	0.0	0.0	0.0	0.0	0.0	0.0	0.0	0.0	0.0	0.0	0.0	0.0	0.0	0.0	0.0	0.0	0.0	0.0	0.0	0.0	0.0	0.0	0.0	0.0	0.0	0.0	0.0	0.0	0.0	0.0	0.0	0.0	0.0	0.0	0.0	0.0	0.0	0.0	0.0	0.0	0.0	0.0	0.0	1.0	0.0	0.0	0.0	0.0	0.0	0.0	0.0	0.0	0.0	0.0	1.0	0.0	1.0	1.0	0.0	1.0	0.0	0.0	0.0	0.0	0.0	0.0	0.0	0.0	0.0	0.0	0.0	0.0	0.0	0.0	0.0	0.0	1.0	0.0	0.0	0.0	0.0	0.0	0.0	0.0	0.0	0.0	0.0	0.0	0.0	0.0	0.0	1.0	2.0	0.0	0.0	0.0	0.0	0.0	1.0	0.0	0.0	1.0	0.0	0.0	0.0	0.0	1.0	0.0	0.0	0.0	0.0	0.0	1.0	0.0	0.0	0.0	0.0	0.0	0.0	0.0	0.0	0.0	0.0	0.0	0.0	0.0	0.0	0.0	0.0	0.0	0.0	0.0	0.0	0.0	0.0	0.0	1.0	0.0	0.0	0.0	0.0	0.0	0.0	0.0	0.0	0.0	0.0	0.0	0.0	0.0	0.0	0.0	0.0	0.0	0.0	0.0	0.0	0.0	0.0	0.0	0.0	0.0	0.0	0.0	0.0	0.0	0.0	0.0	0.0	0.0	0.0	0.0	0.0	0.0	0.0	0.0	0.0	0.0	0.0	0.0	0.0	0.0	0.0	0.0	0.0	0.0	1.0	0.0	1.0	0.0	1.0	1.0	1.0	0.0	0.0	0.0	0.0	0.0	0.0	0.0	0.0	0.0	0.0	0.0	0.0	0.0	0.0	0.0	0.0	0.0	0.0	0.0	0.0	0.0	0.0	0.0	0.0	0.0	0.0	1.0	0.0	0.0	0.0	1.0	0.0	0.0	0.0	0.0	0.0	0.0	0.0	0.0	0.0	0.0	0.0	0.0	0.0	1.0	0.0	0.0	0.0	0.0	0.0	0.0	0.0	0.0	0.0	0.0	0.0	0.0	0.0	0.0	0.0	0.0	0.0	0.0	0.0	0.0	0.0	0.0	0.0	0.0	0.0	0.0	0.0	0.0	0.0	0.0	0.0	0.0	0.0	0.0	0.0	0.0	0.0	0.0	0.0	0.0	0.0	0.0	0.0	0.0	0.0	0.0	1.0	0.0	0.0	0.0	0.0	0.0	0.0	0.0	0.0	0.0	1.0	0.0	2.0	1.0	0.0	0.0	0.0	1.0	0.0	0.0	0.0	0.0	0.0	0.0	0.0	0.0	0.0	0.0	0.0	0.0	0.0	1.0	0.0	0.0	0.0	0.0	0.0	0.0	0.0	0.0	0.0	0.0	0.0	0.0	1.0	0.0	1.0	0.0	0.0	0.0	0.0	0.0	0.0	0.0	0.0	0.0	0.0	0.0	0.0	1.0	0.0	0.0	0.0	0.0	0.0	0.0	0.0	0.0	0.0	0.0	0.0	0.0	1.0	0.0	0.0	0.0	0.0	0.0	0.0	0.0	0.0	0.0	0.0	0.0	0.0	0.0	0.0	0.0	0.0	0.0	0.0	0.0	0.0	0.0	0.0	0.0	0.0	0.0	1.0	0.0	0.0	2.0	0.0	0.0	0.0	0.0	0.0	0.0	0.0	0.0	0.0	0.0	0.0	0.0	0.0	1.0	0.0	0.0	0.0
c139	0.0	0.0	0.0	0.0	0.0	0.0	0.0	0.0	0.0	0.0	0.0	0.0	0.0	0.0	0.0	0.0	0.0	0.0	0.0	0.0	0.0	0.0	0.0	0.0	1.0	0.0	0.0	0.0	0.0	0.0	0.0	0.0	0.0	0.0	0.0	0.0	0.0	0.0	0.0	0.0	0.0	0.0	0.0	0.0	0.0	0.0	0.0	0.0	0.0	0.0	0.0	0.0	0.0	0.0	0.0	0.0	0.0	0.0	0.0	0.0	0.0	0.0	0.0	0.0	0.0	0.0	0.0	0.0	0.0	0.0	0.0	0.0	0.0	0.0	0.0	0.0	0.0	0.0	0.0	0.0	0.0	0.0	0.0	0.0	0.0	0.0	0.0	0.0	0.0	0.0	0.0	0.0	0.0	0.0	0.0	0.0	0.0	0.0	0.0	0.0	0.0	0.0	0.0	0.0	0.0	0.0	0.0	0.0	0.0	0.0	0.0	0.0	0.0	0.0	0.0	0.0	0.0	0.0	0.0	0.0	0.0	0.0	0.0	0.0	0.0	0.0	0.0	0.0	1.0	0.0	0.0	0.0	0.0	0.0	0.0	0.0	0.0	0.0	0.0	0.0	0.0	0.0	0.0	0.0	0.0	0.0	0.0	0.0	0.0	0.0	0.0	0.0	0.0	0.0	0.0	0.0	0.0	0.0	0.0	0.0	0.0	0.0	0.0	0.0	0.0	0.0	0.0	0.0	0.0	0.0	0.0	0.0	0.0	0.0	0.0	0.0	0.0	0.0	0.0	0.0	0.0	0.0	0.0	0.0	0.0	0.0	0.0	0.0	0.0	0.0	0.0	0.0	0.0	0.0	0.0	0.0	0.0	0.0	0.0	0.0	0.0	0.0	0.0	0.0	0.0	0.0	0.0	0.0	0.0	0.0	0.0	0.0	0.0	0.0	0.0	0.0	0.0	0.0	0.0	0.0	0.0	0.0	0.0	0.0	0.0	0.0	0.0	0.0	0.0	0.0	0.0	0.0	0.0	0.0	0.0	1.0	0.0	0.0	0.0	0.0	0.0	0.0	0.0	0.0	0.0	0.0	0.0	0.0	0.0	0.0	0.0	0.0	0.0	0.0	0.0	0.0	0.0	0.0	0.0	0.0	0.0	0.0	0.0	0.0	0.0	0.0	0.0	0.0	0.0	0.0	0.0	0.0	0.0	0.0	0.0	0.0	0.0	0.0	0.0	0.0	0.0	0.0	1.0	0.0	0.0	0.0	0.0	0.0	0.0	0.0	0.0	0.0	0.0	0.0	0.0	0.0	0.0	0.0	0.0	0.0	0.0	0.0	0.0	0.0	0.0	0.0	0.0	0.0	0.0	0.0	0.0	0.0	0.0	0.0	0.0	0.0	0.0	0.0	0.0	0.0	0.0	0.0	0.0	0.0	0.0	0.0	0.0	0.0	0.0	0.0	0.0	0.0	0.0	0.0	0.0	0.0	0.0	0.0	0.0	1.0	0.0	0.0	0.0	0.0	0.0	0.0	0.0	0.0	0.0	0.0	0.0	0.0	0.0	0.0	0.0	0.0	0.0	0.0	0.0	0.0	0.0	0.0	0.0	0.0	0.0	0.0	0.0	0.0	0.0	0.0	0.0	0.0	0.0	0.0	0.0	0.0	0.0	0.0	0.0	0.0	0.0	0.0	0.0	0.0	0.0	0.0	0.0	0.0	0.0	0.0	0.0	0.0	0.0	0.0	0.0	0.0	0.0	0.0	0.0	1.0	0.0	0.0	0.0	0.0	0.0	0.0	0.0	0.0	0.0	0.0	0.0	0.0	0.0	0.0	0.0	0.0	0.0	1.0	0.0	0.0	0.0	0.0	0.0	0.0	0.0	0.0	0.0	0.0	0.0	0.0	0.0	0.0	0.0	0.0	0.0	0.0	0.0	0.0	0.0	0.0	0.0	0.0	0.0	0.0	0.0	0.0	0.0	0.0	0.0	0.0	0.0	0.0	0.0	0.0	0.0	0.0	0.0	0.0	0.0	0.0	0.0	0.0	0.0	0.0	0.0	0.0	0.0	0.0	0.0	0.0	0.0	0.0	0.0	0.0	0.0	1.0	0.0	0.0	0.0	0.0	0.0	0.0	0.0	0.0	0.0	0.0	0.0	0.0	0.0	0.0	0.0	0.0	0.0	0.0	0.0	0.0	0.0	0.0	0.0	0.0	0.0	0.0	0.0	0.0	0.0	0.0	0.0	0.0	0.0	0.0	0.0	0.0	0.0	0.0	0.0	0.0	0.0	0.0	0.0	0.0	0.0	0.0	0.0	0.0	0.0	0.0	0.0	0.0	0.0	0.0	0.0	0.0	0.0	0.0	0.0	0.0	0.0	0.0	0.0	0.0	0.0	0.0	0.0	0.0	0.0	0.0	0.0	0.0	0.0	0.0	0.0	0.0	0.0	0.0	0.0	0.0	0.0	0.0	0.0	0.0	0.0	0.0	0.0	0.0	0.0	0.0	0.0	0.0	0.0	0.0	0.0	0.0	0.0	0.0	0.0	0.0	0.0	0.0	0.0	0.0	0.0	0.0	0.0	0.0	0.0	0.0	0.0	0.0	0.0	1.0	0.0	0.0	0.0	0.0	0.0	0.0	0.0	0.0	0.0	0.0	0.0	0.0	0.0	0.0	0.0	0.0	0.0	0.0	0.0	0.0	0.0	0.0	0.0	0.0	0.0	0.0	0.0	0.0	0.0	0.0	0.0	0.0	0.0	0.0	0.0	0.0	0.0	0.0	0.0	1.0	0.0	0.0	0.0	0.0	0.0	0.0	0.0	0.0	0.0	0.0	0.0	0.0	0.0	0.0	0.0	0.0	0.0	0.0	0.0	0.0	0.0	0.0	0.0	0.0	1.0	0.0	0.0	0.0	0.0	0.0	0.0	0.0	0.0	0.0	0.0	0.0	0.0	0.0	0.0	0.0	0.0	0.0	0.0	0.0	0.0	0.0	0.0	0.0	0.0	0.0	0.0	0.0	0.0	0.0	0.0	0.0	0.0	0.0	0.0	0.0	0.0	0.0	0.0	0.0	0.0	0.0	0.0	0.0	0.0	0.0	0.0	0.0	0.0	0.0	0.0	0.0	0.0	0.0	0.0	0.0	0.0	0.0	0.0	0.0	0.0	0.0	0.0	0.0	0.0	0.0	0.0	0.0	0.0	0.0	0.0	0.0	0.0	0.0	0.0	0.0	0.0	0.0	0.0	0.0	0.0	0.0	0.0	0.0	0.0	0.0	0.0	0.0	0.0	0.0	0.0	0.0	0.0	0.0	0.0	0.0	0.0	0.0	0.0	0.0	0.0	0.0	0.0	0.0	0.0	0.0	0.0	0.0	0.0
c148	0.0	0.0	0.0	0.0	0.0	0.0	0.0	0.0	0.0	0.0	0.0	0.0	0.0	0.0	0.0	0.0	0.0	0.0	0.0	0.0	0.0	0.0	0.0	0.0	0.0	0.0	0.0	0.0	0.0	0.0	0.0	0.0	0.0	0.0	0.0	0.0	0.0	0.0	0.0	0.0	0.0	0.0	0.0	0.0	0.0	0.0	0.0	0.0	0.0	0.0	0.0	0.0	0.0	0.0	0.0	0.0	0.0	0.0	0.0	0.0	0.0	0.0	0.0	0.0	0.0	0.0	0.0	0.0	0.0	0.0	0.0	0.0	0.0	0.0	0.0	0.0	0.0	0.0	0.0	0.0	0.0	0.0	0.0	0.0	0.0	0.0	0.0	0.0	0.0	0.0	0.0	0.0	0.0	0.0	0.0	0.0	0.0	0.0	0.0	0.0	0.0	0.0	0.0	0.0	0.0	0.0	0.0	0.0	0.0	0.0	0.0	0.0	0.0	0.0	0.0	0.0	0.0	0.0	0.0	0.0	0.0	0.0	0.0	0.0	0.0	0.0	0.0	0.0	0.0	0.0	0.0	0.0	0.0	0.0	0.0	0.0	0.0	0.0	0.0	0.0	1.0	0.0	0.0	0.0	0.0	0.0	0.0	0.0	0.0	0.0	0.0	0.0	0.0	0.0	0.0	0.0	0.0	0.0	0.0	0.0	0.0	1.0	0.0	0.0	0.0	0.0	0.0	0.0	0.0	0.0	0.0	0.0	0.0	1.0	0.0	0.0	0.0	0.0	0.0	0.0	0.0	0.0	0.0	0.0	0.0	0.0	0.0	0.0	0.0	0.0	0.0	0.0	0.0	0.0	0.0	0.0	0.0	0.0	0.0	0.0	0.0	0.0	0.0	0.0	0.0	0.0	0.0	0.0	0.0	0.0	0.0	0.0	0.0	0.0	0.0	0.0	0.0	0.0	0.0	0.0	0.0	0.0	0.0	0.0	0.0	0.0	0.0	0.0	0.0	0.0	0.0	0.0	0.0	0.0	0.0	0.0	0.0	0.0	0.0	0.0	0.0	0.0	0.0	0.0	0.0	0.0	0.0	0.0	0.0	0.0	0.0	0.0	0.0	0.0	0.0	0.0	0.0	0.0	0.0	0.0	0.0	0.0	0.0	0.0	0.0	1.0	0.0	0.0	0.0	0.0	0.0	0.0	0.0	0.0	0.0	0.0	0.0	0.0	0.0	0.0	0.0	0.0	0.0	0.0	0.0	0.0	0.0	0.0	0.0	0.0	0.0	0.0	0.0	0.0	0.0	0.0	0.0	0.0	0.0	0.0	0.0	0.0	0.0	0.0	0.0	0.0	0.0	0.0	0.0	0.0	0.0	0.0	0.0	0.0	0.0	0.0	0.0	0.0	0.0	0.0	0.0	0.0	0.0	0.0	0.0	0.0	0.0	0.0	0.0	0.0	0.0	0.0	0.0	0.0	0.0	0.0	0.0	0.0	0.0	0.0	0.0	0.0	0.0	0.0	0.0	0.0	0.0	0.0	0.0	0.0	0.0	0.0	0.0	0.0	0.0	0.0	0.0	0.0	0.0	0.0	0.0	0.0	0.0	0.0	0.0	0.0	0.0	0.0	0.0	0.0	0.0	0.0	0.0	0.0	0.0	0.0	0.0	0.0	0.0	0.0	0.0	0.0	0.0	0.0	0.0	0.0	0.0	0.0	0.0	0.0	0.0	0.0	0.0	0.0	0.0	0.0	0.0	0.0	0.0	0.0	0.0	0.0	0.0	0.0	0.0	0.0	0.0	0.0	0.0	0.0	0.0	0.0	0.0	0.0	0.0	0.0	0.0	0.0	0.0	0.0	0.0	0.0	0.0	0.0	0.0	0.0	0.0	0.0	0.0	0.0	0.0	0.0	0.0	0.0	0.0	0.0	0.0	0.0	0.0	0.0	0.0	0.0	0.0	0.0	0.0	0.0	0.0	0.0	0.0	0.0	0.0	0.0	0.0	0.0	0.0	0.0	0.0	0.0	0.0	0.0	0.0	0.0	0.0	0.0	0.0	0.0	0.0	0.0	0.0	0.0	0.0	1.0	0.0	0.0	0.0	0.0	0.0	0.0	0.0	0.0	0.0	0.0	0.0	0.0	0.0	0.0	0.0	0.0	0.0	0.0	0.0	0.0	0.0	0.0	0.0	0.0	0.0	0.0	0.0	0.0	0.0	0.0	0.0	0.0	0.0	0.0	0.0	0.0	0.0	0.0	0.0	0.0	0.0	0.0	0.0	0.0	0.0	0.0	0.0	0.0	0.0	0.0	0.0	0.0	0.0	0.0	0.0	0.0	0.0	0.0	0.0	0.0	0.0	0.0	0.0	0.0	0.0	0.0	0.0	0.0	0.0	0.0	0.0	0.0	0.0	0.0	0.0	0.0	0.0	0.0	0.0	0.0	0.0	0.0	0.0	0.0	0.0	0.0	0.0	0.0	0.0	0.0	0.0	0.0	0.0	0.0	0.0	0.0	0.0	0.0	0.0	0.0	0.0	0.0	0.0	0.0	0.0	0.0	0.0	0.0	0.0	0.0	0.0	0.0	0.0	0.0	0.0	0.0	0.0	0.0	0.0	0.0	0.0	0.0	0.0	0.0	0.0	0.0	0.0	0.0	0.0	0.0	0.0	0.0	0.0	0.0	0.0	0.0	0.0	0.0	0.0	0.0	0.0	0.0	0.0	0.0	0.0	0.0	0.0	0.0	0.0	0.0	0.0	0.0	0.0	0.0	0.0	0.0	0.0	0.0	0.0	0.0	0.0	0.0	0.0	0.0	0.0	0.0	0.0	0.0	0.0	0.0	0.0	0.0	0.0	0.0	0.0	0.0	0.0	0.0	0.0	0.0	0.0	0.0	0.0	0.0	0.0	0.0	0.0	0.0	0.0	0.0	0.0	0.0	0.0	0.0	0.0	0.0	0.0	0.0	0.0	0.0	0.0	0.0	0.0	0.0	0.0	0.0	0.0	0.0	0.0	0.0	0.0	0.0	0.0	0.0	0.0	0.0	0.0	0.0	0.0	0.0	0.0	0.0	0.0	0.0	0.0	0.0	0.0	0.0	0.0	0.0	0.0	0.0	0.0	0.0	0.0	0.0	0.0	0.0	0.0	0.0	0.0	0.0	0.0	0.0	0.0	0.0	0.0	0.0	0.0	0.0	0.0	0.0	0.0	0.0	0.0	0.0	0.0	0.0	0.0	0.0	0.0	0.0	0.0	0.0	0.0	0.0	0.0	0.0	0.0	0.0	0.0	0.0	0.0	0.0	0.0	0.0	0.0	0.0	0.0	0.0	0.0	0.0	0.0	0.0	0.0	0.0	0.0	0.0	0.0	0.0	0.0
c320	0.0	0.0	0.0	0.0	0.0	0.0	0.0	1.0	1.0	0.0	0.0	0.0	0.0	0.0	0.0	0.0	0.0	0.0	0.0	1.0	0.0	0.0	0.0	0.0	0.0	0.0	1.0	0.0	0.0	1.0	0.0	0.0	0.0	0.0	0.0	1.0	0.0	0.0	0.0	0.0	0.0	0.0	0.0	0.0	0.0	0.0	0.0	0.0	0.0	0.0	0.0	0.0	0.0	0.0	0.0	0.0	0.0	0.0	0.0	0.0	0.0	0.0	0.0	0.0	0.0	0.0	0.0	0.0	0.0	0.0	0.0	0.0	0.0	0.0	0.0	1.0	0.0	0.0	0.0	0.0	0.0	0.0	0.0	0.0	0.0	0.0	0.0	0.0	0.0	0.0	0.0	0.0	0.0	1.0	0.0	0.0	0.0	0.0	0.0	0.0	0.0	0.0	0.0	0.0	0.0	0.0	0.0	1.0	0.0	0.0	0.0	1.0	0.0	0.0	0.0	2.0	0.0	0.0	0.0	0.0	0.0	0.0	0.0	0.0	1.0	0.0	0.0	0.0	0.0	0.0	1.0	0.0	0.0	0.0	0.0	0.0	0.0	0.0	2.0	0.0	0.0	0.0	0.0	0.0	0.0	0.0	1.0	1.0	0.0	0.0	1.0	0.0	1.0	2.0	0.0	1.0	0.0	0.0	0.0	1.0	0.0	0.0	0.0	0.0	0.0	0.0	0.0	1.0	0.0	0.0	0.0	0.0	0.0	0.0	0.0	1.0	0.0	0.0	0.0	0.0	0.0	2.0	2.0	0.0	0.0	0.0	0.0	0.0	0.0	1.0	0.0	0.0	0.0	0.0	0.0	0.0	0.0	0.0	0.0	1.0	1.0	0.0	1.0	0.0	0.0	0.0	0.0	0.0	0.0	0.0	0.0	0.0	0.0	0.0	0.0	0.0	0.0	0.0	0.0	0.0	0.0	0.0	0.0	0.0	0.0	0.0	0.0	0.0	0.0	0.0	0.0	0.0	0.0	0.0	1.0	0.0	1.0	0.0	0.0	0.0	0.0	0.0	0.0	0.0	0.0	0.0	0.0	0.0	0.0	0.0	1.0	0.0	0.0	0.0	0.0	0.0	0.0	0.0	0.0	0.0	0.0	0.0	0.0	0.0	0.0	0.0	0.0	0.0	0.0	0.0	0.0	0.0	0.0	0.0	0.0	0.0	1.0	0.0	0.0	0.0	0.0	0.0	0.0	0.0	0.0	1.0	0.0	0.0	0.0	0.0	0.0	0.0	0.0	0.0	0.0	0.0	0.0	0.0	0.0	0.0	0.0	0.0	1.0	0.0	0.0	0.0	0.0	0.0	0.0	0.0	0.0	0.0	0.0	0.0	0.0	0.0	0.0	0.0	0.0	0.0	0.0	0.0	0.0	0.0	0.0	0.0	0.0	0.0	0.0	0.0	0.0	0.0	0.0	0.0	0.0	0.0	0.0	0.0	0.0	0.0	0.0	0.0	0.0	1.0	0.0	0.0	0.0	0.0	1.0	0.0	0.0	0.0	0.0	0.0	0.0	0.0	0.0	0.0	0.0	0.0	0.0	0.0	0.0	0.0	0.0	0.0	0.0	0.0	0.0	1.0	0.0	0.0	0.0	0.0	0.0	0.0	1.0	0.0	0.0	0.0	0.0	0.0	0.0	0.0	0.0	0.0	0.0	0.0	1.0	1.0	0.0	0.0	0.0	0.0	0.0	0.0	0.0	0.0	0.0	0.0	0.0	0.0	1.0	0.0	0.0	0.0	1.0	1.0	0.0	0.0	0.0	0.0	0.0	0.0	0.0	0.0	0.0	0.0	0.0	0.0	0.0	0.0	0.0	0.0	0.0	0.0	0.0	1.0	0.0	0.0	0.0	0.0	1.0	1.0	0.0	0.0	0.0	0.0	0.0	0.0	0.0	0.0	0.0	0.0	0.0	0.0	0.0	0.0	0.0	0.0	1.0	0.0	0.0	1.0	0.0	0.0	0.0	0.0	0.0	0.0	0.0	0.0	0.0	0.0	0.0	0.0	0.0	1.0	0.0	1.0	0.0	0.0	0.0	1.0	0.0	0.0	0.0	0.0	1.0	0.0	0.0	0.0	0.0	1.0	0.0	0.0	1.0	0.0	0.0	0.0	0.0	0.0	0.0	0.0	0.0	0.0	0.0	0.0	0.0	0.0	1.0	0.0	0.0	0.0	0.0	0.0	0.0	0.0	0.0	0.0	0.0	0.0	0.0	1.0	0.0	0.0	1.0	0.0	0.0	0.0	0.0	1.0	0.0	0.0	0.0	0.0	0.0	0.0	0.0	0.0	0.0	0.0	0.0	1.0	0.0	0.0	0.0	0.0	0.0	0.0	0.0	0.0	0.0	0.0	0.0	0.0	0.0	0.0	0.0	0.0	0.0	0.0	0.0	0.0	0.0	0.0	0.0	0.0	0.0	1.0	0.0	0.0	1.0	0.0	0.0	0.0	0.0	0.0	0.0	1.0	0.0	0.0	0.0	0.0	0.0	0.0	0.0	0.0	0.0	0.0	0.0	0.0	0.0	0.0	0.0	0.0	0.0	1.0	0.0	0.0	0.0	0.0	0.0	0.0	0.0	1.0	0.0	0.0	0.0	0.0	0.0	0.0	0.0	1.0	0.0	0.0	0.0	0.0	1.0	0.0	0.0	0.0	0.0	0.0	0.0	0.0	0.0	1.0	1.0	1.0	0.0	0.0	0.0	0.0	0.0	0.0	0.0	0.0	0.0	0.0	1.0	0.0	0.0	0.0	0.0	0.0	0.0	0.0	1.0	0.0	0.0	0.0	0.0	0.0	0.0	0.0	0.0	0.0	0.0	0.0	0.0	0.0	0.0	0.0	0.0	0.0	0.0	0.0	0.0	0.0	0.0	0.0	0.0	0.0	0.0	0.0	0.0	0.0	0.0	0.0	0.0	0.0	1.0	0.0	0.0	0.0	0.0	0.0	0.0	1.0	0.0	1.0	0.0	1.0	0.0	1.0	0.0	0.0	0.0	0.0	0.0	0.0	0.0	0.0	0.0	0.0	0.0	0.0	0.0	0.0	0.0	1.0	0.0	0.0	0.0	0.0	0.0	0.0	0.0	0.0	0.0	0.0	0.0	0.0	0.0	0.0	0.0	0.0	0.0	0.0	0.0	0.0	0.0	2.0	0.0	0.0	2.0	0.0	0.0	0.0	0.0	0.0	0.0	0.0	0.0	0.0	0.0	1.0	0.0	0.0	0.0	0.0	0.0	0.0	0.0	2.0	1.0	0.0	0.0	0.0	0.0	0.0	2.0	0.0	0.0	1.0	0.0	0.0	0.0	0.0	0.0	0.0	0.0
c321	0.0	1.0	0.0	0.0	0.0	0.0	0.0	0.0	0.0	0.0	1.0	0.0	0.0	0.0	0.0	0.0	1.0	0.0	0.0	0.0	0.0	1.0	0.0	0.0	0.0	0.0	0.0	0.0	0.0	0.0	0.0	0.0	0.0	0.0	0.0	0.0	0.0	0.0	0.0	0.0	1.0	0.0	0.0	0.0	0.0	0.0	0.0	0.0	0.0	0.0	0.0	0.0	0.0	0.0	0.0	0.0	0.0	0.0	0.0	0.0	1.0	0.0	0.0	0.0	0.0	0.0	0.0	0.0	0.0	0.0	0.0	0.0	0.0	0.0	0.0	0.0	0.0	0.0	0.0	0.0	1.0	0.0	0.0	0.0	0.0	0.0	0.0	0.0	0.0	0.0	0.0	0.0	0.0	0.0	0.0	0.0	0.0	0.0	1.0	0.0	0.0	0.0	0.0	0.0	0.0	0.0	0.0	0.0	0.0	0.0	0.0	0.0	0.0	0.0	0.0	0.0	0.0	0.0	0.0	0.0	0.0	0.0	0.0	0.0	0.0	0.0	0.0	0.0	0.0	0.0	0.0	0.0	0.0	0.0	0.0	0.0	0.0	0.0	0.0	0.0	0.0	0.0	0.0	0.0	0.0	0.0	0.0	0.0	0.0	0.0	0.0	0.0	0.0	0.0	0.0	0.0	0.0	0.0	0.0	0.0	0.0	0.0	0.0	0.0	0.0	0.0	0.0	0.0	0.0	0.0	0.0	0.0	0.0	0.0	0.0	0.0	0.0	0.0	0.0	0.0	0.0	0.0	0.0	0.0	0.0	0.0	0.0	1.0	0.0	0.0	0.0	0.0	0.0	0.0	0.0	0.0	0.0	0.0	0.0	0.0	0.0	0.0	0.0	0.0	0.0	0.0	0.0	0.0	0.0	0.0	0.0	0.0	0.0	0.0	0.0	0.0	0.0	0.0	0.0	0.0	1.0	0.0	0.0	0.0	0.0	0.0	0.0	0.0	0.0	0.0	0.0	0.0	0.0	0.0	0.0	0.0	0.0	0.0	0.0	0.0	0.0	0.0	0.0	0.0	0.0	0.0	0.0	0.0	0.0	1.0	0.0	0.0	0.0	0.0	0.0	0.0	0.0	0.0	0.0	0.0	0.0	0.0	0.0	0.0	0.0	0.0	0.0	0.0	0.0	0.0	0.0	0.0	0.0	0.0	0.0	0.0	0.0	0.0	0.0	0.0	0.0	0.0	0.0	1.0	0.0	0.0	0.0	0.0	0.0	0.0	0.0	0.0	0.0	0.0	0.0	0.0	0.0	0.0	0.0	0.0	0.0	0.0	0.0	1.0	0.0	0.0	0.0	0.0	0.0	0.0	0.0	0.0	0.0	0.0	0.0	0.0	0.0	0.0	0.0	0.0	0.0	0.0	0.0	0.0	0.0	0.0	0.0	0.0	0.0	0.0	0.0	0.0	0.0	0.0	0.0	0.0	0.0	0.0	0.0	0.0	0.0	0.0	0.0	0.0	0.0	0.0	0.0	0.0	0.0	0.0	0.0	0.0	0.0	0.0	0.0	0.0	0.0	1.0	0.0	0.0	0.0	0.0	0.0	0.0	0.0	0.0	0.0	0.0	0.0	0.0	0.0	0.0	0.0	0.0	0.0	0.0	0.0	0.0	0.0	0.0	0.0	0.0	0.0	0.0	0.0	1.0	0.0	0.0	0.0	0.0	0.0	0.0	0.0	0.0	0.0	0.0	0.0	0.0	0.0	0.0	0.0	0.0	0.0	1.0	0.0	0.0	0.0	0.0	0.0	0.0	0.0	0.0	0.0	1.0	0.0	1.0	0.0	0.0	0.0	0.0	0.0	0.0	0.0	0.0	0.0	0.0	0.0	0.0	0.0	0.0	0.0	0.0	0.0	0.0	0.0	0.0	0.0	1.0	0.0	0.0	0.0	0.0	0.0	0.0	0.0	0.0	0.0	0.0	0.0	0.0	0.0	0.0	0.0	0.0	0.0	0.0	0.0	0.0	0.0	0.0	0.0	0.0	0.0	0.0	0.0	0.0	0.0	0.0	0.0	0.0	0.0	0.0	0.0	0.0	0.0	0.0	0.0	0.0	0.0	0.0	0.0	0.0	0.0	0.0	0.0	0.0	0.0	0.0	0.0	1.0	0.0	0.0	0.0	0.0	0.0	0.0	0.0	0.0	0.0	0.0	0.0	0.0	0.0	0.0	0.0	0.0	0.0	0.0	0.0	0.0	0.0	0.0	0.0	0.0	0.0	0.0	0.0	0.0	0.0	0.0	0.0	0.0	0.0	0.0	0.0	0.0	0.0	0.0	0.0	0.0	0.0	0.0	0.0	0.0	0.0	0.0	0.0	0.0	0.0	0.0	0.0	0.0	1.0	0.0	0.0	1.0	0.0	0.0	0.0	0.0	0.0	0.0	0.0	0.0	0.0	0.0	0.0	0.0	0.0	0.0	0.0	0.0	0.0	0.0	0.0	0.0	0.0	0.0	0.0	0.0	0.0	0.0	0.0	0.0	0.0	0.0	0.0	0.0	0.0	1.0	0.0	0.0	1.0	0.0	0.0	0.0	0.0	0.0	0.0	0.0	0.0	0.0	0.0	0.0	0.0	0.0	0.0	0.0	0.0	0.0	0.0	0.0	0.0	0.0	0.0	0.0	0.0	0.0	0.0	0.0	0.0	1.0	0.0	0.0	0.0	1.0	0.0	0.0	0.0	0.0	0.0	0.0	0.0	0.0	0.0	0.0	0.0	0.0	0.0	0.0	0.0	0.0	0.0	0.0	0.0	0.0	0.0	0.0	0.0	0.0	0.0	0.0	0.0	0.0	0.0	0.0	0.0	0.0	0.0	0.0	0.0	0.0	0.0	0.0	0.0	0.0	0.0	0.0	2.0	0.0	0.0	0.0	0.0	0.0	0.0	0.0	0.0	0.0	0.0	0.0	0.0	0.0	1.0	0.0	0.0	0.0	0.0	0.0	0.0	0.0	0.0	0.0	0.0	0.0	0.0	0.0	1.0	0.0	0.0	0.0	0.0	0.0	0.0	0.0	0.0	0.0	0.0	0.0	0.0	0.0	0.0	0.0	0.0	0.0	0.0	0.0	0.0	0.0	0.0	0.0	0.0	0.0	0.0	0.0	0.0	0.0	0.0	0.0	0.0	0.0	0.0	0.0	0.0	0.0	0.0	0.0	0.0	0.0	0.0	0.0	0.0	0.0	0.0	0.0	0.0	1.0	0.0	0.0	0.0	0.0	0.0	0.0	0.0	0.0	0.0	0.0	0.0	0.0	0.0	0.0	0.0	0.0	0.0	0.0	0.0	0.0	0.0	0.0	0.0	0.0	0.0	0.0	0.0
c322	0.0	0.0	0.0	0.0	0.0	0.0	0.0	0.0	0.0	0.0	0.0	0.0	0.0	0.0	0.0	0.0	0.0	0.0	0.0	0.0	0.0	0.0	0.0	0.0	0.0	0.0	0.0	0.0	0.0	0.0	0.0	0.0	0.0	0.0	0.0	0.0	0.0	0.0	0.0	0.0	0.0	0.0	0.0	0.0	0.0	0.0	0.0	0.0	0.0	0.0	0.0	0.0	0.0	0.0	0.0	0.0	0.0	0.0	0.0	0.0	0.0	0.0	0.0	0.0	0.0	0.0	0.0	0.0	0.0	0.0	0.0	0.0	0.0	0.0	0.0	0.0	0.0	0.0	0.0	0.0	0.0	0.0	0.0	0.0	0.0	0.0	0.0	0.0	0.0	0.0	0.0	0.0	0.0	0.0	0.0	0.0	0.0	0.0	0.0	0.0	0.0	0.0	0.0	0.0	0.0	0.0	0.0	0.0	0.0	0.0	0.0	0.0	0.0	0.0	0.0	0.0	0.0	0.0	0.0	0.0	0.0	0.0	0.0	0.0	0.0	0.0	0.0	0.0	0.0	0.0	0.0	0.0	0.0	0.0	0.0	0.0	0.0	0.0	0.0	0.0	0.0	0.0	0.0	0.0	0.0	0.0	0.0	0.0	0.0	0.0	0.0	0.0	0.0	0.0	0.0	0.0	0.0	0.0	0.0	0.0	0.0	0.0	0.0	0.0	0.0	0.0	0.0	0.0	0.0	0.0	0.0	0.0	0.0	0.0	0.0	0.0	0.0	0.0	0.0	0.0	0.0	0.0	0.0	0.0	0.0	0.0	0.0	0.0	0.0	0.0	0.0	0.0	0.0	0.0	0.0	0.0	0.0	0.0	0.0	0.0	0.0	0.0	0.0	0.0	0.0	0.0	0.0	0.0	0.0	0.0	0.0	0.0	0.0	0.0	0.0	0.0	0.0	0.0	0.0	0.0	0.0	0.0	0.0	0.0	0.0	0.0	0.0	0.0	0.0	0.0	0.0	0.0	0.0	0.0	0.0	0.0	0.0	0.0	0.0	0.0	0.0	0.0	0.0	0.0	0.0	0.0	0.0	0.0	0.0	0.0	0.0	0.0	0.0	0.0	0.0	0.0	0.0	0.0	0.0	0.0	0.0	0.0	0.0	0.0	0.0	0.0	0.0	0.0	0.0	0.0	0.0	0.0	0.0	0.0	0.0	0.0	0.0	0.0	0.0	0.0	0.0	0.0	0.0	0.0	0.0	0.0	0.0	0.0	0.0	0.0	0.0	0.0	0.0	0.0	0.0	0.0	0.0	0.0	0.0	0.0	0.0	0.0	0.0	0.0	0.0	0.0	0.0	0.0	0.0	0.0	0.0	0.0	0.0	0.0	0.0	0.0	0.0	0.0	0.0	0.0	0.0	0.0	0.0	0.0	0.0	0.0	0.0	0.0	0.0	0.0	0.0	0.0	0.0	0.0	0.0	0.0	0.0	0.0	0.0	0.0	0.0	0.0	0.0	1.0	0.0	0.0	0.0	0.0	0.0	0.0	0.0	0.0	0.0	0.0	0.0	0.0	0.0	0.0	0.0	0.0	0.0	0.0	0.0	0.0	0.0	0.0	0.0	0.0	0.0	0.0	0.0	0.0	0.0	0.0	0.0	0.0	0.0	0.0	0.0	0.0	0.0	0.0	0.0	0.0	0.0	0.0	0.0	0.0	0.0	0.0	0.0	1.0	0.0	0.0	0.0	0.0	0.0	0.0	0.0	0.0	0.0	0.0	0.0	0.0	0.0	0.0	0.0	0.0	0.0	0.0	0.0	0.0	0.0	0.0	0.0	0.0	0.0	0.0	0.0	0.0	0.0	0.0	0.0	0.0	0.0	0.0	0.0	0.0	0.0	0.0	0.0	0.0	0.0	0.0	0.0	0.0	0.0	0.0	0.0	0.0	0.0	0.0	0.0	0.0	0.0	0.0	0.0	0.0	0.0	0.0	0.0	0.0	0.0	0.0	0.0	0.0	0.0	0.0	0.0	0.0	0.0	0.0	0.0	0.0	0.0	0.0	0.0	0.0	0.0	0.0	0.0	0.0	0.0	0.0	0.0	0.0	0.0	0.0	0.0	0.0	0.0	0.0	0.0	0.0	0.0	0.0	0.0	0.0	0.0	0.0	0.0	0.0	0.0	0.0	0.0	0.0	0.0	0.0	0.0	0.0	0.0	0.0	0.0	0.0	0.0	0.0	0.0	0.0	0.0	0.0	0.0	0.0	0.0	0.0	0.0	0.0	0.0	0.0	0.0	0.0	0.0	0.0	0.0	0.0	0.0	0.0	0.0	0.0	0.0	0.0	0.0	0.0	0.0	0.0	0.0	0.0	0.0	0.0	0.0	0.0	0.0	0.0	0.0	0.0	0.0	0.0	0.0	0.0	0.0	0.0	0.0	0.0	0.0	0.0	0.0	0.0	0.0	0.0	0.0	0.0	0.0	0.0	0.0	0.0	0.0	0.0	0.0	0.0	0.0	0.0	0.0	0.0	0.0	0.0	0.0	0.0	0.0	0.0	0.0	0.0	0.0	0.0	0.0	0.0	0.0	0.0	0.0	0.0	0.0	0.0	0.0	0.0	1.0	0.0	0.0	0.0	0.0	0.0	0.0	0.0	0.0	0.0	0.0	0.0	0.0	0.0	0.0	0.0	0.0	0.0	0.0	0.0	0.0	0.0	0.0	0.0	0.0	0.0	0.0	0.0	0.0	0.0	0.0	0.0	0.0	0.0	0.0	0.0	0.0	0.0	0.0	0.0	0.0	0.0	0.0	0.0	0.0	0.0	0.0	0.0	0.0	0.0	0.0	0.0	0.0	0.0	0.0	0.0	0.0	0.0	0.0	0.0	0.0	0.0	0.0	0.0	0.0	0.0	0.0	0.0	0.0	0.0	0.0	0.0	0.0	0.0	0.0	0.0	0.0	0.0	0.0	0.0	0.0	0.0	0.0	0.0	0.0	1.0	0.0	0.0	0.0	0.0	0.0	0.0	0.0	0.0	0.0	0.0	0.0	0.0	0.0	0.0	0.0	0.0	0.0	0.0	0.0	0.0	0.0	0.0	0.0	0.0	0.0	0.0	0.0	0.0	0.0	0.0	0.0	0.0	0.0	0.0	0.0	0.0	0.0	0.0	0.0	0.0	0.0	0.0	0.0	0.0	0.0	0.0	0.0	0.0	0.0	0.0	0.0	0.0	0.0	0.0	0.0	0.0	0.0	0.0	0.0	0.0	0.0	0.0	0.0	0.0	0.0	0.0	0.0	0.0	0.0	0.0	0.0	0.0	0.0	0.0	0.0	0.0	0.0	0.0	0.0	0.0	0.0	0.0	0.0	0.0	0.0
c323	0.0	0.0	0.0	0.0	0.0	0.0	0.0	0.0	0.0	0.0	0.0	0.0	0.0	0.0	0.0	0.0	0.0	0.0	0.0	0.0	0.0	0.0	0.0	0.0	0.0	0.0	0.0	0.0	0.0	0.0	0.0	0.0	0.0	0.0	0.0	0.0	0.0	0.0	0.0	0.0	0.0	0.0	0.0	0.0	0.0	0.0	0.0	0.0	0.0	0.0	0.0	0.0	0.0	0.0	0.0	0.0	0.0	0.0	0.0	0.0	0.0	0.0	0.0	0.0	0.0	0.0	0.0	0.0	0.0	0.0	0.0	0.0	0.0	0.0	0.0	0.0	0.0	0.0	0.0	0.0	0.0	0.0	0.0	0.0	0.0	0.0	0.0	0.0	0.0	0.0	0.0	0.0	0.0	0.0	0.0	0.0	0.0	0.0	0.0	0.0	0.0	0.0	0.0	0.0	0.0	0.0	0.0	0.0	0.0	0.0	0.0	0.0	0.0	0.0	0.0	0.0	0.0	0.0	0.0	0.0	0.0	0.0	0.0	0.0	0.0	0.0	0.0	0.0	0.0	0.0	0.0	0.0	0.0	0.0	0.0	0.0	0.0	0.0	0.0	0.0	0.0	0.0	0.0	0.0	0.0	0.0	0.0	0.0	0.0	0.0	0.0	0.0	0.0	0.0	0.0	0.0	0.0	0.0	0.0	0.0	0.0	0.0	0.0	0.0	0.0	0.0	0.0	0.0	0.0	0.0	0.0	0.0	0.0	0.0	0.0	0.0	0.0	0.0	0.0	0.0	0.0	0.0	0.0	0.0	0.0	0.0	0.0	0.0	0.0	0.0	0.0	0.0	0.0	0.0	0.0	0.0	0.0	0.0	0.0	0.0	0.0	0.0	0.0	0.0	0.0	0.0	0.0	0.0	0.0	0.0	0.0	0.0	0.0	0.0	0.0	0.0	0.0	0.0	0.0	0.0	0.0	0.0	0.0	0.0	0.0	0.0	0.0	0.0	0.0	0.0	0.0	0.0	0.0	0.0	0.0	0.0	0.0	0.0	0.0	0.0	0.0	0.0	0.0	0.0	0.0	0.0	0.0	0.0	0.0	0.0	0.0	0.0	0.0	0.0	0.0	0.0	0.0	0.0	0.0	0.0	0.0	0.0	0.0	0.0	0.0	0.0	0.0	0.0	0.0	0.0	0.0	0.0	0.0	0.0	0.0	0.0	0.0	0.0	0.0	0.0	0.0	0.0	0.0	0.0	0.0	0.0	0.0	0.0	0.0	0.0	0.0	0.0	0.0	0.0	0.0	0.0	0.0	0.0	0.0	0.0	0.0	0.0	0.0	0.0	0.0	0.0	0.0	0.0	0.0	0.0	0.0	0.0	0.0	0.0	0.0	0.0	0.0	0.0	0.0	0.0	0.0	0.0	0.0	0.0	0.0	0.0	0.0	0.0	0.0	0.0	0.0	0.0	0.0	0.0	0.0	0.0	0.0	0.0	0.0	0.0	0.0	0.0	0.0	0.0	0.0	0.0	0.0	0.0	0.0	0.0	0.0	0.0	0.0	0.0	0.0	0.0	0.0	0.0	0.0	0.0	0.0	0.0	0.0	0.0	0.0	0.0	0.0	0.0	0.0	0.0	0.0	0.0	0.0	0.0	0.0	0.0	0.0	0.0	0.0	0.0	0.0	0.0	0.0	0.0	0.0	0.0	0.0	0.0	0.0	0.0	0.0	0.0	0.0	0.0	0.0	0.0	0.0	0.0	0.0	0.0	0.0	0.0	0.0	1.0	0.0	0.0	0.0	0.0	0.0	0.0	0.0	0.0	0.0	0.0	0.0	0.0	0.0	0.0	0.0	0.0	0.0	0.0	0.0	0.0	0.0	0.0	0.0	0.0	0.0	0.0	0.0	0.0	0.0	0.0	0.0	0.0	0.0	0.0	0.0	0.0	0.0	0.0	0.0	0.0	0.0	0.0	0.0	0.0	0.0	0.0	0.0	0.0	0.0	0.0	0.0	0.0	0.0	0.0	0.0	0.0	0.0	0.0	0.0	0.0	0.0	0.0	0.0	0.0	0.0	0.0	0.0	0.0	0.0	0.0	0.0	0.0	0.0	0.0	0.0	0.0	0.0	0.0	0.0	0.0	0.0	0.0	0.0	0.0	0.0	0.0	0.0	0.0	0.0	0.0	0.0	0.0	0.0	0.0	0.0	0.0	0.0	0.0	0.0	0.0	0.0	0.0	0.0	0.0	0.0	0.0	0.0	0.0	0.0	0.0	0.0	0.0	0.0	0.0	0.0	0.0	0.0	0.0	0.0	0.0	0.0	0.0	0.0	0.0	0.0	0.0	0.0	0.0	0.0	0.0	0.0	0.0	0.0	0.0	0.0	0.0	0.0	0.0	0.0	0.0	0.0	0.0	0.0	0.0	1.0	0.0	0.0	0.0	0.0	0.0	0.0	0.0	0.0	0.0	0.0	0.0	0.0	0.0	0.0	0.0	0.0	0.0	0.0	0.0	0.0	0.0	0.0	0.0	0.0	0.0	0.0	0.0	0.0	0.0	0.0	0.0	0.0	0.0	0.0	0.0	0.0	0.0	0.0	0.0	0.0	0.0	0.0	0.0	0.0	0.0	0.0	0.0	0.0	0.0	0.0	0.0	0.0	0.0	0.0	0.0	0.0	0.0	0.0	0.0	0.0	0.0	0.0	0.0	0.0	0.0	0.0	0.0	0.0	0.0	0.0	0.0	0.0	0.0	0.0	0.0	0.0	0.0	0.0	0.0	0.0	0.0	0.0	0.0	0.0	0.0	0.0	0.0	0.0	0.0	0.0	0.0	0.0	0.0	0.0	0.0	0.0	0.0	0.0	0.0	0.0	0.0	0.0	0.0	0.0	0.0	0.0	0.0	0.0	0.0	0.0	0.0	0.0	0.0	0.0	0.0	0.0	0.0	0.0	0.0	0.0	0.0	0.0	0.0	0.0	0.0	0.0	0.0	0.0	0.0	0.0	0.0	0.0	0.0	0.0	0.0	0.0	0.0	0.0	0.0	0.0	0.0	0.0	0.0	0.0	0.0	0.0	0.0	0.0	0.0	0.0	0.0	0.0	0.0	0.0	0.0	0.0	0.0	0.0	0.0	0.0	0.0	0.0	0.0	0.0	0.0	0.0	0.0	0.0	0.0	0.0	0.0	0.0	0.0	0.0	0.0	0.0	0.0	0.0	0.0	0.0	0.0	0.0	0.0	0.0	0.0	0.0	0.0	0.0	0.0	0.0	0.0	0.0	0.0	0.0	0.0	0.0	0.0	0.0	0.0	0.0	0.0	0.0	0.0	0.0	0.0	0.0	0.0	0.0	0.0	0.0	0.0	0.0	0.0	0.0
c328	0.0	0.0	0.0	0.0	0.0	0.0	0.0	0.0	0.0	1.0	0.0	0.0	0.0	0.0	0.0	0.0	0.0	0.0	0.0	0.0	0.0	0.0	0.0	0.0	0.0	0.0	0.0	0.0	0.0	0.0	0.0	0.0	0.0	0.0	0.0	0.0	0.0	0.0	0.0	0.0	0.0	0.0	0.0	0.0	0.0	0.0	0.0	0.0	0.0	0.0	1.0	0.0	0.0	0.0	0.0	0.0	0.0	0.0	0.0	0.0	0.0	0.0	0.0	0.0	0.0	0.0	0.0	0.0	0.0	1.0	0.0	0.0	0.0	1.0	0.0	0.0	0.0	1.0	0.0	0.0	0.0	0.0	0.0	0.0	0.0	0.0	0.0	0.0	0.0	1.0	0.0	0.0	0.0	0.0	0.0	0.0	0.0	0.0	0.0	0.0	0.0	0.0	0.0	0.0	0.0	0.0	0.0	0.0	0.0	0.0	0.0	0.0	0.0	0.0	0.0	0.0	0.0	0.0	0.0	0.0	0.0	0.0	0.0	0.0	0.0	0.0	0.0	0.0	0.0	1.0	0.0	0.0	0.0	0.0	0.0	0.0	1.0	0.0	0.0	0.0	0.0	0.0	0.0	0.0	0.0	0.0	0.0	0.0	0.0	0.0	0.0	0.0	0.0	1.0	0.0	0.0	0.0	0.0	1.0	0.0	0.0	0.0	0.0	0.0	0.0	0.0	0.0	0.0	0.0	0.0	1.0	1.0	0.0	0.0	0.0	0.0	0.0	0.0	0.0	0.0	0.0	0.0	0.0	0.0	0.0	0.0	0.0	0.0	0.0	0.0	0.0	0.0	0.0	0.0	0.0	0.0	0.0	0.0	0.0	0.0	0.0	0.0	0.0	0.0	0.0	0.0	0.0	0.0	0.0	0.0	0.0	0.0	0.0	0.0	0.0	0.0	0.0	0.0	0.0	0.0	0.0	0.0	0.0	0.0	1.0	0.0	1.0	0.0	0.0	0.0	0.0	0.0	0.0	1.0	1.0	0.0	0.0	0.0	1.0	0.0	0.0	1.0	0.0	0.0	0.0	0.0	0.0	0.0	0.0	0.0	0.0	0.0	0.0	0.0	0.0	0.0	0.0	0.0	0.0	0.0	0.0	0.0	1.0	0.0	0.0	0.0	0.0	0.0	0.0	0.0	1.0	0.0	0.0	0.0	0.0	0.0	0.0	0.0	0.0	0.0	0.0	1.0	0.0	0.0	0.0	0.0	0.0	0.0	0.0	0.0	0.0	0.0	0.0	0.0	0.0	0.0	1.0	0.0	0.0	0.0	0.0	0.0	0.0	0.0	0.0	0.0	0.0	0.0	0.0	0.0	0.0	0.0	0.0	0.0	0.0	0.0	1.0	0.0	0.0	0.0	1.0	0.0	0.0	0.0	0.0	0.0	0.0	1.0	0.0	0.0	0.0	0.0	0.0	0.0	0.0	0.0	1.0	1.0	0.0	0.0	0.0	0.0	0.0	0.0	0.0	0.0	0.0	0.0	0.0	0.0	0.0	0.0	0.0	0.0	1.0	0.0	0.0	0.0	1.0	0.0	0.0	0.0	0.0	1.0	0.0	0.0	0.0	0.0	0.0	0.0	1.0	0.0	0.0	0.0	0.0	0.0	0.0	0.0	0.0	0.0	0.0	0.0	0.0	0.0	0.0	0.0	0.0	0.0	0.0	0.0	0.0	0.0	0.0	0.0	0.0	0.0	0.0	0.0	0.0	1.0	0.0	0.0	0.0	0.0	0.0	0.0	0.0	0.0	0.0	0.0	0.0	0.0	0.0	0.0	0.0	0.0	0.0	0.0	0.0	0.0	0.0	0.0	0.0	0.0	0.0	0.0	0.0	0.0	0.0	0.0	0.0	0.0	0.0	0.0	0.0	0.0	0.0	0.0	0.0	0.0	0.0	0.0	0.0	0.0	0.0	0.0	0.0	1.0	0.0	0.0	0.0	0.0	1.0	0.0	0.0	0.0	1.0	0.0	0.0	0.0	0.0	0.0	0.0	0.0	0.0	0.0	0.0	0.0	1.0	0.0	0.0	0.0	0.0	0.0	0.0	0.0	0.0	1.0	0.0	0.0	0.0	0.0	0.0	0.0	0.0	0.0	1.0	0.0	0.0	0.0	0.0	0.0	0.0	0.0	1.0	0.0	0.0	0.0	0.0	0.0	0.0	0.0	0.0	0.0	0.0	0.0	0.0	0.0	0.0	0.0	0.0	0.0	0.0	0.0	0.0	0.0	0.0	0.0	0.0	0.0	0.0	0.0	0.0	0.0	0.0	0.0	0.0	0.0	0.0	0.0	0.0	0.0	0.0	0.0	0.0	0.0	0.0	0.0	0.0	0.0	0.0	0.0	0.0	0.0	0.0	0.0	0.0	0.0	0.0	0.0	0.0	0.0	0.0	0.0	0.0	0.0	0.0	0.0	0.0	0.0	0.0	0.0	0.0	0.0	0.0	0.0	0.0	0.0	0.0	0.0	0.0	1.0	0.0	0.0	0.0	0.0	0.0	0.0	0.0	0.0	0.0	0.0	0.0	0.0	0.0	0.0	0.0	0.0	0.0	0.0	1.0	0.0	0.0	0.0	0.0	0.0	0.0	0.0	0.0	0.0	0.0	0.0	0.0	0.0	0.0	0.0	0.0	0.0	0.0	0.0	0.0	0.0	0.0	0.0	0.0	0.0	0.0	0.0	0.0	0.0	0.0	1.0	0.0	0.0	0.0	1.0	0.0	0.0	1.0	0.0	0.0	0.0	0.0	0.0	0.0	0.0	0.0	0.0	0.0	0.0	0.0	0.0	0.0	0.0	0.0	0.0	0.0	0.0	0.0	0.0	0.0	0.0	0.0	0.0	0.0	0.0	0.0	0.0	0.0	0.0	0.0	0.0	0.0	0.0	0.0	0.0	0.0	0.0	1.0	0.0	0.0	0.0	0.0	0.0	0.0	0.0	0.0	0.0	0.0	0.0	0.0	0.0	0.0	0.0	0.0	0.0	0.0	0.0	0.0	0.0	0.0	0.0	0.0	0.0	0.0	0.0	0.0	0.0	0.0	0.0	0.0	1.0	0.0	0.0	0.0	0.0	1.0	0.0	0.0	0.0	0.0	0.0	0.0	0.0	0.0	1.0	0.0	0.0	1.0	0.0	0.0	1.0	0.0	0.0	0.0	0.0	0.0	0.0	0.0	0.0	0.0	0.0	0.0	0.0	0.0	0.0	0.0	0.0	0.0	0.0	0.0	0.0	0.0	0.0	0.0	0.0	0.0	0.0	0.0	0.0	0.0	0.0	0.0	0.0	0.0	0.0	0.0	0.0	0.0	0.0	0.0	0.0	0.0
c329	1.0	0.0	0.0	0.0	0.0	0.0	0.0	0.0	0.0	0.0	0.0	0.0	0.0	0.0	0.0	0.0	0.0	0.0	0.0	0.0	0.0	0.0	0.0	0.0	0.0	0.0	0.0	0.0	0.0	0.0	0.0	0.0	0.0	0.0	0.0	0.0	0.0	0.0	0.0	0.0	0.0	0.0	0.0	0.0	0.0	0.0	0.0	0.0	0.0	0.0	0.0	0.0	0.0	0.0	0.0	0.0	0.0	0.0	0.0	0.0	0.0	0.0	0.0	0.0	0.0	0.0	0.0	0.0	0.0	0.0	0.0	0.0	0.0	0.0	0.0	0.0	0.0	0.0	0.0	0.0	0.0	0.0	0.0	0.0	0.0	0.0	0.0	0.0	0.0	0.0	0.0	0.0	0.0	0.0	0.0	0.0	0.0	0.0	0.0	0.0	0.0	0.0	0.0	0.0	0.0	0.0	0.0	0.0	0.0	0.0	0.0	0.0	0.0	0.0	0.0	0.0	0.0	0.0	0.0	1.0	0.0	0.0	0.0	0.0	0.0	0.0	0.0	0.0	0.0	0.0	0.0	0.0	0.0	0.0	0.0	0.0	0.0	0.0	0.0	0.0	0.0	0.0	0.0	0.0	0.0	0.0	0.0	0.0	0.0	0.0	0.0	0.0	0.0	0.0	0.0	0.0	0.0	0.0	0.0	0.0	0.0	0.0	0.0	0.0	0.0	0.0	0.0	0.0	0.0	0.0	0.0	0.0	0.0	0.0	0.0	0.0	0.0	0.0	0.0	0.0	0.0	0.0	0.0	0.0	0.0	0.0	0.0	0.0	0.0	0.0	0.0	0.0	0.0	0.0	0.0	0.0	0.0	0.0	0.0	0.0	0.0	0.0	0.0	0.0	0.0	0.0	0.0	0.0	0.0	0.0	0.0	0.0	0.0	0.0	0.0	0.0	0.0	0.0	0.0	0.0	0.0	0.0	0.0	0.0	0.0	0.0	0.0	0.0	0.0	0.0	0.0	0.0	0.0	0.0	0.0	0.0	0.0	0.0	0.0	0.0	0.0	0.0	0.0	0.0	0.0	0.0	0.0	0.0	0.0	0.0	0.0	0.0	0.0	0.0	0.0	0.0	0.0	0.0	0.0	0.0	0.0	0.0	0.0	0.0	0.0	0.0	0.0	0.0	0.0	0.0	0.0	0.0	0.0	1.0	0.0	0.0	0.0	0.0	0.0	0.0	0.0	0.0	0.0	0.0	0.0	0.0	0.0	0.0	0.0	0.0	0.0	0.0	0.0	0.0	0.0	0.0	0.0	0.0	0.0	0.0	1.0	0.0	0.0	0.0	0.0	0.0	0.0	0.0	0.0	0.0	0.0	0.0	0.0	0.0	0.0	0.0	0.0	0.0	0.0	0.0	0.0	0.0	0.0	0.0	0.0	0.0	0.0	0.0	0.0	0.0	0.0	0.0	0.0	0.0	0.0	0.0	0.0	0.0	0.0	0.0	0.0	0.0	0.0	0.0	0.0	0.0	0.0	0.0	0.0	0.0	0.0	0.0	0.0	0.0	0.0	0.0	0.0	0.0	0.0	0.0	0.0	0.0	0.0	0.0	0.0	0.0	0.0	0.0	0.0	0.0	0.0	0.0	0.0	0.0	0.0	0.0	0.0	0.0	0.0	0.0	0.0	0.0	0.0	0.0	0.0	0.0	0.0	0.0	0.0	0.0	0.0	0.0	0.0	0.0	0.0	0.0	0.0	0.0	0.0	0.0	0.0	0.0	0.0	0.0	0.0	0.0	0.0	0.0	0.0	0.0	0.0	0.0	0.0	0.0	0.0	0.0	0.0	0.0	0.0	0.0	0.0	0.0	0.0	0.0	0.0	0.0	0.0	0.0	0.0	0.0	0.0	0.0	0.0	0.0	0.0	1.0	0.0	0.0	0.0	0.0	0.0	0.0	0.0	0.0	0.0	0.0	0.0	0.0	0.0	0.0	0.0	0.0	0.0	0.0	0.0	0.0	0.0	0.0	0.0	0.0	0.0	0.0	0.0	0.0	0.0	0.0	0.0	0.0	0.0	0.0	0.0	0.0	0.0	0.0	0.0	0.0	0.0	0.0	0.0	0.0	0.0	0.0	0.0	0.0	0.0	0.0	0.0	0.0	0.0	0.0	0.0	0.0	0.0	0.0	0.0	0.0	0.0	0.0	0.0	0.0	0.0	0.0	0.0	0.0	0.0	0.0	0.0	0.0	0.0	0.0	0.0	0.0	0.0	0.0	0.0	0.0	0.0	0.0	0.0	0.0	0.0	0.0	0.0	0.0	0.0	0.0	0.0	0.0	0.0	0.0	0.0	0.0	0.0	0.0	0.0	0.0	0.0	0.0	0.0	0.0	0.0	0.0	0.0	0.0	0.0	0.0	0.0	0.0	0.0	0.0	0.0	0.0	0.0	0.0	0.0	0.0	0.0	0.0	0.0	0.0	0.0	0.0	0.0	0.0	0.0	1.0	0.0	0.0	0.0	0.0	0.0	0.0	0.0	0.0	0.0	0.0	0.0	0.0	0.0	0.0	0.0	0.0	0.0	0.0	0.0	0.0	0.0	0.0	0.0	0.0	0.0	0.0	0.0	0.0	0.0	0.0	0.0	0.0	0.0	0.0	0.0	0.0	0.0	0.0	0.0	0.0	0.0	0.0	0.0	0.0	0.0	0.0	0.0	0.0	0.0	0.0	0.0	0.0	0.0	0.0	0.0	0.0	0.0	0.0	0.0	0.0	0.0	0.0	0.0	0.0	0.0	0.0	0.0	0.0	0.0	0.0	0.0	0.0	0.0	0.0	0.0	0.0	0.0	0.0	0.0	0.0	0.0	0.0	0.0	0.0	0.0	0.0	0.0	0.0	0.0	0.0	0.0	0.0	0.0	0.0	0.0	0.0	0.0	0.0	0.0	0.0	0.0	0.0	0.0	0.0	0.0	0.0	0.0	0.0	0.0	0.0	0.0	0.0	0.0	0.0	0.0	0.0	0.0	0.0	0.0	0.0	0.0	0.0	0.0	0.0	0.0	0.0	0.0	0.0	0.0	0.0	0.0	0.0	0.0	0.0	0.0	0.0	0.0	0.0	0.0	0.0	0.0	0.0	0.0	0.0	0.0	0.0	0.0	0.0	0.0	0.0	0.0	0.0	0.0	0.0	0.0	0.0	0.0	0.0	0.0	0.0	0.0	0.0	0.0	0.0	0.0	0.0	0.0	0.0	0.0	0.0	0.0	0.0	0.0	0.0	0.0	0.0	0.0	0.0	0.0	0.0	0.0	0.0	0.0	0.0	0.0	0.0	0.0	0.0	0.0	0.0	0.0	0.0	0.0	0.0	0.0	0.0	0.0
c770	1.0	1.0	0.0	0.0	1.0	0.0	0.0	0.0	0.0	0.0	0.0	0.0	0.0	0.0	1.0	0.0	0.0	0.0	0.0	0.0	0.0	0.0	0.0	0.0	1.0	0.0	0.0	0.0	0.0	0.0	0.0	0.0	0.0	0.0	0.0	0.0	0.0	0.0	0.0	0.0	0.0	0.0	0.0	0.0	1.0	0.0	0.0	0.0	0.0	0.0	0.0	0.0	0.0	0.0	0.0	0.0	0.0	1.0	0.0	0.0	0.0	0.0	0.0	0.0	1.0	0.0	0.0	0.0	0.0	0.0	0.0	0.0	0.0	0.0	0.0	0.0	0.0	0.0	0.0	0.0	0.0	0.0	0.0	0.0	0.0	0.0	0.0	0.0	0.0	0.0	0.0	0.0	0.0	0.0	0.0	1.0	0.0	0.0	0.0	0.0	0.0	0.0	0.0	0.0	0.0	0.0	0.0	0.0	0.0	0.0	0.0	0.0	0.0	0.0	1.0	0.0	0.0	0.0	0.0	0.0	1.0	1.0	0.0	0.0	0.0	0.0	0.0	0.0	0.0	0.0	0.0	0.0	0.0	0.0	0.0	0.0	0.0	0.0	0.0	0.0	0.0	0.0	0.0	0.0	0.0	0.0	0.0	0.0	0.0	1.0	0.0	0.0	0.0	0.0	0.0	0.0	0.0	0.0	0.0	0.0	0.0	0.0	0.0	0.0	0.0	0.0	0.0	0.0	0.0	0.0	0.0	0.0	0.0	0.0	0.0	0.0	0.0	0.0	0.0	0.0	0.0	0.0	0.0	0.0	0.0	1.0	1.0	0.0	0.0	0.0	0.0	1.0	0.0	0.0	0.0	0.0	0.0	0.0	0.0	0.0	0.0	0.0	0.0	0.0	0.0	0.0	0.0	0.0	0.0	0.0	1.0	0.0	0.0	0.0	0.0	0.0	0.0	0.0	0.0	0.0	0.0	0.0	0.0	0.0	0.0	0.0	0.0	0.0	0.0	0.0	1.0	0.0	0.0	0.0	0.0	0.0	0.0	0.0	0.0	0.0	0.0	0.0	0.0	0.0	0.0	0.0	0.0	1.0	0.0	0.0	0.0	0.0	0.0	0.0	0.0	0.0	0.0	0.0	0.0	0.0	0.0	0.0	0.0	0.0	0.0	0.0	0.0	0.0	0.0	0.0	0.0	0.0	0.0	0.0	0.0	0.0	0.0	0.0	0.0	0.0	0.0	0.0	1.0	0.0	0.0	0.0	0.0	0.0	0.0	0.0	0.0	0.0	0.0	0.0	0.0	0.0	1.0	0.0	0.0	0.0	0.0	0.0	0.0	1.0	0.0	0.0	0.0	0.0	0.0	1.0	0.0	0.0	0.0	0.0	0.0	0.0	0.0	0.0	0.0	0.0	0.0	0.0	0.0	0.0	0.0	0.0	0.0	0.0	0.0	0.0	0.0	0.0	0.0	0.0	1.0	0.0	0.0	0.0	0.0	0.0	0.0	1.0	0.0	0.0	0.0	1.0	0.0	0.0	0.0	0.0	0.0	0.0	0.0	0.0	0.0	0.0	1.0	1.0	0.0	0.0	0.0	0.0	0.0	0.0	0.0	0.0	0.0	0.0	0.0	0.0	0.0	0.0	0.0	0.0	0.0	0.0	0.0	0.0	0.0	0.0	1.0	0.0	0.0	0.0	0.0	0.0	0.0	0.0	0.0	0.0	0.0	0.0	0.0	0.0	0.0	0.0	0.0	0.0	0.0	0.0	0.0	0.0	0.0	0.0	0.0	0.0	0.0	0.0	0.0	0.0	0.0	0.0	0.0	0.0	0.0	0.0	0.0	0.0	0.0	0.0	0.0	0.0	0.0	0.0	0.0	0.0	0.0	0.0	0.0	0.0	0.0	1.0	0.0	0.0	0.0	0.0	0.0	0.0	0.0	0.0	0.0	0.0	1.0	0.0	0.0	0.0	0.0	0.0	0.0	0.0	0.0	0.0	1.0	0.0	1.0	0.0	0.0	0.0	0.0	0.0	0.0	0.0	0.0	0.0	0.0	0.0	0.0	0.0	0.0	0.0	0.0	0.0	0.0	0.0	0.0	0.0	0.0	0.0	0.0	0.0	0.0	0.0	0.0	0.0	0.0	0.0	0.0	0.0	0.0	0.0	0.0	0.0	0.0	0.0	0.0	0.0	1.0	0.0	1.0	0.0	0.0	0.0	1.0	0.0	0.0	0.0	0.0	0.0	1.0	0.0	0.0	0.0	0.0	0.0	0.0	0.0	0.0	0.0	0.0	0.0	0.0	0.0	0.0	0.0	0.0	0.0	0.0	0.0	1.0	0.0	0.0	0.0	0.0	0.0	0.0	0.0	0.0	0.0	0.0	0.0	0.0	0.0	0.0	0.0	0.0	0.0	0.0	0.0	0.0	1.0	0.0	0.0	0.0	0.0	0.0	0.0	0.0	0.0	0.0	0.0	0.0	0.0	0.0	0.0	0.0	0.0	0.0	0.0	0.0	0.0	0.0	0.0	0.0	0.0	0.0	0.0	0.0	0.0	1.0	0.0	0.0	0.0	0.0	0.0	0.0	0.0	0.0	0.0	1.0	0.0	0.0	0.0	0.0	0.0	0.0	0.0	0.0	1.0	0.0	0.0	1.0	0.0	0.0	0.0	0.0	0.0	0.0	0.0	0.0	0.0	0.0	0.0	0.0	0.0	0.0	0.0	0.0	0.0	0.0	0.0	1.0	0.0	0.0	0.0	0.0	0.0	1.0	0.0	0.0	0.0	0.0	0.0	0.0	0.0	0.0	0.0	0.0	0.0	0.0	0.0	0.0	0.0	0.0	0.0	1.0	0.0	0.0	0.0	0.0	0.0	0.0	0.0	0.0	0.0	0.0	0.0	0.0	0.0	0.0	0.0	0.0	0.0	0.0	0.0	0.0	0.0	0.0	1.0	1.0	0.0	0.0	0.0	0.0	0.0	1.0	0.0	0.0	0.0	0.0	0.0	1.0	0.0	0.0	0.0	0.0	0.0	0.0	0.0	0.0	1.0	0.0	0.0	0.0	1.0	1.0	0.0	0.0	0.0	0.0	0.0	1.0	0.0	0.0	0.0	0.0	0.0	0.0	0.0	0.0	0.0	0.0	0.0	0.0	0.0	0.0	0.0	0.0	0.0	0.0	0.0	0.0	0.0	0.0	0.0	0.0	0.0	0.0	0.0	0.0	0.0	0.0	0.0	1.0	0.0	0.0	0.0	0.0	0.0	0.0	0.0	0.0	0.0	0.0	0.0	0.0	0.0	0.0	0.0	0.0	0.0	0.0	0.0	0.0	0.0	0.0	0.0	0.0	0.0	0.0	0.0	0.0	0.0	0.0
c778	0.0	0.0	0.0	0.0	0.0	0.0	0.0	0.0	0.0	0.0	0.0	0.0	0.0	0.0	0.0	0.0	0.0	0.0	0.0	0.0	0.0	0.0	0.0	0.0	0.0	0.0	0.0	0.0	0.0	0.0	0.0	0.0	0.0	0.0	0.0	0.0	0.0	0.0	0.0	0.0	0.0	0.0	0.0	0.0	0.0	0.0	0.0	0.0	0.0	0.0	0.0	0.0	0.0	0.0	0.0	0.0	0.0	0.0	0.0	0.0	0.0	0.0	0.0	0.0	0.0	0.0	0.0	0.0	0.0	0.0	0.0	0.0	0.0	0.0	0.0	0.0	0.0	0.0	0.0	0.0	0.0	0.0	0.0	0.0	0.0	0.0	0.0	0.0	0.0	0.0	0.0	0.0	0.0	0.0	0.0	0.0	0.0	0.0	0.0	0.0	0.0	0.0	0.0	0.0	0.0	0.0	0.0	0.0	0.0	0.0	0.0	0.0	0.0	0.0	0.0	0.0	0.0	0.0	0.0	0.0	0.0	0.0	0.0	0.0	0.0	0.0	0.0	0.0	0.0	0.0	0.0	0.0	0.0	0.0	0.0	0.0	0.0	0.0	0.0	0.0	0.0	0.0	0.0	0.0	0.0	0.0	0.0	0.0	0.0	0.0	0.0	0.0	0.0	0.0	0.0	0.0	0.0	0.0	0.0	0.0	0.0	0.0	0.0	0.0	0.0	0.0	0.0	0.0	0.0	0.0	0.0	0.0	0.0	0.0	0.0	0.0	0.0	0.0	0.0	0.0	0.0	0.0	0.0	0.0	0.0	0.0	0.0	0.0	0.0	0.0	0.0	0.0	0.0	0.0	0.0	0.0	0.0	0.0	0.0	0.0	0.0	0.0	0.0	0.0	0.0	0.0	0.0	0.0	0.0	0.0	0.0	0.0	0.0	0.0	0.0	0.0	0.0	0.0	0.0	0.0	0.0	0.0	0.0	0.0	0.0	0.0	0.0	0.0	0.0	0.0	0.0	0.0	0.0	0.0	0.0	0.0	0.0	0.0	0.0	0.0	0.0	0.0	0.0	0.0	0.0	0.0	0.0	0.0	0.0	0.0	0.0	0.0	0.0	0.0	0.0	0.0	0.0	0.0	0.0	0.0	0.0	0.0	0.0	0.0	0.0	1.0	0.0	0.0	0.0	0.0	0.0	0.0	0.0	0.0	0.0	0.0	0.0	0.0	0.0	0.0	0.0	0.0	0.0	0.0	0.0	0.0	0.0	0.0	0.0	0.0	0.0	0.0	0.0	0.0	0.0	0.0	0.0	0.0	0.0	0.0	0.0	0.0	0.0	0.0	0.0	0.0	0.0	0.0	0.0	0.0	0.0	0.0	0.0	0.0	0.0	0.0	0.0	0.0	0.0	0.0	0.0	0.0	0.0	0.0	0.0	0.0	0.0	0.0	0.0	0.0	0.0	0.0	0.0	0.0	0.0	0.0	0.0	0.0	0.0	0.0	0.0	0.0	0.0	0.0	0.0	0.0	0.0	0.0	0.0	0.0	0.0	0.0	0.0	0.0	0.0	0.0	0.0	0.0	0.0	0.0	0.0	0.0	0.0	0.0	0.0	0.0	0.0	0.0	0.0	0.0	0.0	0.0	0.0	0.0	0.0	0.0	0.0	0.0	0.0	0.0	0.0	0.0	0.0	0.0	0.0	0.0	0.0	0.0	0.0	0.0	0.0	0.0	0.0	0.0	0.0	0.0	0.0	0.0	0.0	0.0	0.0	0.0	0.0	0.0	0.0	0.0	0.0	0.0	0.0	0.0	0.0	0.0	0.0	0.0	0.0	0.0	0.0	0.0	0.0	0.0	0.0	0.0	0.0	0.0	0.0	0.0	0.0	0.0	0.0	0.0	0.0	0.0	0.0	0.0	0.0	1.0	0.0	0.0	0.0	0.0	0.0	0.0	0.0	0.0	0.0	0.0	0.0	0.0	0.0	0.0	0.0	0.0	0.0	0.0	0.0	0.0	0.0	0.0	0.0	0.0	0.0	0.0	0.0	0.0	0.0	0.0	0.0	0.0	0.0	0.0	0.0	0.0	0.0	0.0	0.0	0.0	0.0	0.0	0.0	0.0	0.0	0.0	0.0	0.0	0.0	0.0	0.0	0.0	0.0	0.0	0.0	0.0	0.0	0.0	0.0	0.0	0.0	0.0	0.0	0.0	0.0	0.0	0.0	0.0	0.0	0.0	0.0	0.0	0.0	0.0	0.0	0.0	0.0	0.0	0.0	0.0	0.0	0.0	0.0	0.0	0.0	0.0	0.0	0.0	0.0	0.0	0.0	0.0	0.0	0.0	0.0	0.0	0.0	0.0	0.0	0.0	0.0	0.0	0.0	0.0	0.0	0.0	0.0	0.0	0.0	0.0	0.0	0.0	0.0	0.0	0.0	0.0	0.0	0.0	0.0	0.0	0.0	0.0	0.0	0.0	0.0	0.0	0.0	0.0	0.0	0.0	0.0	0.0	0.0	0.0	0.0	0.0	0.0	0.0	0.0	0.0	0.0	0.0	0.0	0.0	0.0	0.0	0.0	0.0	0.0	0.0	0.0	0.0	0.0	0.0	0.0	0.0	0.0	0.0	0.0	0.0	0.0	0.0	0.0	0.0	0.0	1.0	0.0	0.0	0.0	0.0	0.0	0.0	0.0	0.0	0.0	0.0	0.0	0.0	0.0	0.0	0.0	0.0	0.0	0.0	0.0	0.0	0.0	0.0	0.0	0.0	0.0	0.0	0.0	0.0	0.0	0.0	0.0	0.0	0.0	0.0	0.0	0.0	0.0	0.0	0.0	0.0	0.0	0.0	0.0	0.0	0.0	0.0	0.0	0.0	0.0	0.0	0.0	0.0	0.0	0.0	0.0	0.0	0.0	0.0	0.0	0.0	0.0	0.0	0.0	0.0	0.0	0.0	0.0	0.0	0.0	0.0	0.0	0.0	0.0	0.0	0.0	0.0	0.0	0.0	0.0	0.0	0.0	0.0	0.0	0.0	0.0	0.0	0.0	0.0	0.0	0.0	0.0	0.0	0.0	0.0	0.0	0.0	0.0	0.0	0.0	0.0	0.0	0.0	0.0	0.0	0.0	0.0	0.0	0.0	0.0	0.0	0.0	0.0	0.0	0.0	0.0	0.0	0.0	0.0	0.0	0.0	0.0	0.0	0.0	0.0	0.0	0.0	0.0	0.0	0.0	0.0	0.0	0.0	0.0	0.0	0.0	0.0	0.0	0.0	0.0	0.0	0.0	0.0	0.0	0.0	0.0	0.0	0.0	0.0	0.0	0.0	0.0	0.0	0.0	0.0	0.0	0.0	0.0	0.0	0.0	0.0	0.0
c800	0.0	0.0	0.0	0.0	0.0	0.0	0.0	0.0	0.0	0.0	0.0	0.0	0.0	0.0	0.0	0.0	0.0	0.0	0.0	0.0	0.0	0.0	0.0	0.0	0.0	0.0	0.0	0.0	0.0	0.0	0.0	0.0	0.0	0.0	0.0	0.0	0.0	0.0	0.0	0.0	0.0	0.0	0.0	0.0	0.0	0.0	0.0	0.0	0.0	0.0	0.0	0.0	0.0	0.0	0.0	0.0	0.0	0.0	0.0	0.0	0.0	0.0	0.0	0.0	0.0	0.0	0.0	0.0	0.0	0.0	0.0	0.0	0.0	0.0	0.0	0.0	0.0	0.0	0.0	0.0	0.0	0.0	0.0	0.0	0.0	0.0	0.0	0.0	0.0	0.0	0.0	0.0	0.0	0.0	0.0	0.0	0.0	0.0	0.0	0.0	0.0	0.0	0.0	0.0	0.0	0.0	0.0	0.0	0.0	0.0	0.0	0.0	0.0	0.0	0.0	0.0	0.0	0.0	0.0	0.0	0.0	0.0	0.0	0.0	0.0	0.0	0.0	0.0	0.0	0.0	0.0	0.0	0.0	0.0	1.0	0.0	0.0	0.0	0.0	0.0	0.0	0.0	0.0	0.0	0.0	0.0	0.0	0.0	0.0	0.0	0.0	0.0	0.0	0.0	0.0	0.0	0.0	0.0	0.0	0.0	0.0	0.0	0.0	0.0	0.0	0.0	0.0	0.0	0.0	0.0	0.0	0.0	0.0	0.0	0.0	0.0	0.0	0.0	0.0	0.0	0.0	0.0	0.0	0.0	0.0	0.0	0.0	0.0	0.0	0.0	0.0	0.0	0.0	0.0	0.0	0.0	0.0	0.0	0.0	0.0	0.0	0.0	0.0	0.0	0.0	0.0	0.0	0.0	0.0	0.0	0.0	0.0	0.0	0.0	0.0	0.0	0.0	0.0	0.0	0.0	0.0	0.0	0.0	0.0	0.0	0.0	0.0	0.0	0.0	0.0	0.0	0.0	0.0	0.0	0.0	0.0	0.0	0.0	0.0	0.0	0.0	0.0	0.0	0.0	0.0	0.0	0.0	0.0	0.0	0.0	0.0	0.0	0.0	0.0	0.0	0.0	0.0	0.0	0.0	0.0	0.0	0.0	0.0	0.0	0.0	0.0	0.0	0.0	0.0	0.0	0.0	0.0	0.0	0.0	0.0	0.0	0.0	0.0	0.0	0.0	0.0	0.0	0.0	0.0	0.0	0.0	0.0	0.0	0.0	0.0	0.0	0.0	0.0	0.0	0.0	0.0	0.0	0.0	0.0	0.0	0.0	0.0	0.0	0.0	1.0	0.0	0.0	0.0	0.0	0.0	0.0	0.0	0.0	0.0	0.0	0.0	0.0	0.0	0.0	0.0	0.0	0.0	0.0	0.0	0.0	0.0	0.0	0.0	0.0	0.0	0.0	0.0	0.0	0.0	0.0	0.0	0.0	0.0	0.0	0.0	0.0	0.0	0.0	0.0	0.0	0.0	0.0	0.0	0.0	0.0	0.0	0.0	0.0	0.0	0.0	0.0	0.0	0.0	0.0	0.0	0.0	0.0	0.0	0.0	0.0	0.0	0.0	0.0	0.0	0.0	0.0	0.0	1.0	0.0	0.0	0.0	0.0	0.0	0.0	0.0	0.0	0.0	0.0	0.0	0.0	0.0	0.0	0.0	0.0	0.0	0.0	0.0	0.0	0.0	0.0	0.0	0.0	0.0	0.0	0.0	0.0	0.0	0.0	0.0	0.0	1.0	0.0	0.0	0.0	0.0	0.0	0.0	0.0	0.0	0.0	0.0	0.0	0.0	0.0	0.0	0.0	0.0	0.0	0.0	0.0	0.0	0.0	0.0	0.0	0.0	0.0	0.0	0.0	0.0	0.0	0.0	0.0	0.0	0.0	0.0	0.0	0.0	0.0	0.0	0.0	0.0	0.0	0.0	0.0	0.0	0.0	0.0	0.0	0.0	0.0	0.0	0.0	0.0	0.0	0.0	0.0	0.0	0.0	0.0	0.0	0.0	0.0	0.0	0.0	0.0	0.0	0.0	0.0	0.0	0.0	0.0	0.0	0.0	0.0	0.0	0.0	0.0	0.0	0.0	0.0	0.0	0.0	0.0	0.0	0.0	0.0	0.0	0.0	0.0	0.0	0.0	0.0	0.0	0.0	0.0	0.0	0.0	0.0	0.0	0.0	0.0	0.0	0.0	0.0	0.0	0.0	0.0	0.0	0.0	0.0	0.0	0.0	0.0	0.0	0.0	0.0	0.0	0.0	0.0	0.0	0.0	0.0	0.0	0.0	0.0	0.0	0.0	0.0	0.0	0.0	0.0	0.0	0.0	0.0	0.0	0.0	0.0	0.0	0.0	0.0	0.0	0.0	0.0	0.0	0.0	0.0	0.0	0.0	0.0	0.0	0.0	0.0	0.0	0.0	0.0	0.0	0.0	0.0	0.0	0.0	0.0	0.0	0.0	0.0	0.0	0.0	0.0	0.0	0.0	0.0	0.0	0.0	0.0	0.0	0.0	0.0	0.0	0.0	0.0	0.0	0.0	0.0	0.0	0.0	0.0	0.0	0.0	0.0	0.0	0.0	0.0	0.0	0.0	0.0	0.0	0.0	0.0	0.0	0.0	0.0	0.0	0.0	0.0	0.0	0.0	0.0	0.0	1.0	0.0	0.0	0.0	0.0	0.0	0.0	0.0	0.0	0.0	0.0	0.0	0.0	0.0	0.0	0.0	0.0	0.0	0.0	0.0	0.0	0.0	0.0	0.0	0.0	0.0	0.0	0.0	0.0	0.0	0.0	0.0	0.0	0.0	0.0	0.0	0.0	0.0	0.0	0.0	0.0	0.0	0.0	0.0	0.0	0.0	0.0	0.0	0.0	0.0	0.0	0.0	0.0	0.0	0.0	0.0	0.0	0.0	0.0	0.0	0.0	0.0	0.0	0.0	0.0	0.0	0.0	0.0	0.0	0.0	0.0	0.0	0.0	0.0	0.0	0.0	0.0	0.0	0.0	0.0	0.0	0.0	0.0	0.0	0.0	0.0	0.0	0.0	1.0	0.0	0.0	0.0	0.0	0.0	0.0	0.0	0.0	0.0	0.0	0.0	0.0	0.0	0.0	0.0	0.0	0.0	0.0	0.0	0.0	0.0	0.0	0.0	0.0	1.0	0.0	0.0	0.0	0.0	0.0	0.0	0.0	0.0	0.0	0.0	0.0	0.0	0.0	0.0	0.0	0.0	0.0	0.0	0.0	0.0	0.0	0.0	0.0	0.0	0.0	0.0	0.0	0.0	0.0	0.0	0.0	0.0	0.0	0.0	0.0	0.0	0.0
d000	0.0	0.0	0.0	0.0	0.0	0.0	0.0	0.0	0.0	0.0	0.0	0.0	0.0	0.0	0.0	0.0	0.0	0.0	0.0	0.0	0.0	0.0	0.0	0.0	0.0	0.0	0.0	0.0	0.0	0.0	0.0	0.0	0.0	0.0	0.0	0.0	0.0	0.0	0.0	0.0	0.0	0.0	0.0	0.0	0.0	0.0	0.0	0.0	0.0	0.0	0.0	0.0	0.0	0.0	0.0	0.0	0.0	0.0	0.0	0.0	0.0	0.0	0.0	0.0	0.0	0.0	0.0	0.0	0.0	0.0	0.0	0.0	0.0	0.0	0.0	0.0	0.0	0.0	0.0	0.0	0.0	0.0	0.0	0.0	0.0	0.0	0.0	0.0	0.0	0.0	0.0	0.0	0.0	0.0	0.0	0.0	0.0	0.0	0.0	0.0	0.0	0.0	0.0	0.0	0.0	0.0	0.0	0.0	0.0	0.0	0.0	0.0	0.0	0.0	0.0	0.0	0.0	0.0	0.0	0.0	0.0	0.0	0.0	0.0	0.0	0.0	0.0	0.0	0.0	0.0	0.0	0.0	0.0	0.0	0.0	0.0	0.0	0.0	0.0	0.0	0.0	0.0	0.0	0.0	0.0	0.0	0.0	0.0	0.0	0.0	0.0	0.0	0.0	0.0	0.0	0.0	0.0	0.0	0.0	0.0	0.0	0.0	0.0	0.0	0.0	0.0	0.0	0.0	0.0	0.0	0.0	0.0	0.0	0.0	0.0	0.0	0.0	0.0	0.0	0.0	0.0	0.0	0.0	0.0	0.0	0.0	0.0	0.0	0.0	0.0	0.0	0.0	0.0	0.0	0.0	0.0	0.0	0.0	0.0	0.0	0.0	0.0	0.0	0.0	0.0	0.0	0.0	0.0	0.0	0.0	0.0	0.0	0.0	0.0	0.0	0.0	0.0	0.0	0.0	0.0	0.0	0.0	0.0	0.0	0.0	0.0	0.0	0.0	0.0	0.0	0.0	0.0	0.0	0.0	0.0	0.0	0.0	0.0	0.0	0.0	0.0	0.0	0.0	0.0	0.0	0.0	0.0	0.0	0.0	0.0	0.0	0.0	0.0	0.0	0.0	0.0	0.0	0.0	0.0	0.0	0.0	0.0	0.0	0.0	0.0	0.0	0.0	0.0	0.0	0.0	0.0	0.0	0.0	0.0	0.0	0.0	0.0	0.0	0.0	0.0	0.0	0.0	0.0	0.0	0.0	0.0	0.0	0.0	0.0	0.0	0.0	0.0	0.0	0.0	0.0	0.0	0.0	0.0	0.0	0.0	0.0	0.0	0.0	0.0	0.0	0.0	0.0	0.0	0.0	0.0	0.0	0.0	0.0	0.0	0.0	0.0	0.0	0.0	0.0	0.0	0.0	0.0	0.0	0.0	0.0	0.0	0.0	0.0	0.0	0.0	0.0	0.0	0.0	0.0	0.0	0.0	0.0	0.0	0.0	0.0	0.0	0.0	0.0	0.0	0.0	0.0	0.0	0.0	0.0	0.0	0.0	0.0	0.0	0.0	0.0	0.0	0.0	0.0	0.0	0.0	0.0	0.0	0.0	0.0	0.0	0.0	0.0	0.0	0.0	0.0	0.0	0.0	1.0	0.0	0.0	0.0	0.0	0.0	0.0	0.0	0.0	0.0	0.0	0.0	0.0	0.0	0.0	0.0	0.0	0.0	0.0	0.0	0.0	0.0	0.0	0.0	0.0	0.0	0.0	0.0	0.0	0.0	0.0	0.0	0.0	0.0	0.0	0.0	0.0	0.0	0.0	0.0	0.0	0.0	0.0	0.0	0.0	0.0	0.0	0.0	0.0	0.0	0.0	0.0	0.0	0.0	0.0	0.0	0.0	0.0	0.0	0.0	0.0	0.0	0.0	0.0	0.0	0.0	0.0	0.0	0.0	0.0	0.0	0.0	0.0	0.0	0.0	0.0	0.0	0.0	0.0	0.0	0.0	0.0	0.0	0.0	0.0	0.0	0.0	0.0	0.0	0.0	0.0	0.0	0.0	0.0	0.0	0.0	0.0	0.0	0.0	0.0	0.0	0.0	0.0	0.0	0.0	0.0	0.0	0.0	0.0	0.0	0.0	0.0	0.0	0.0	0.0	0.0	0.0	0.0	0.0	0.0	0.0	0.0	0.0	0.0	0.0	0.0	0.0	0.0	0.0	0.0	0.0	0.0	0.0	0.0	0.0	0.0	0.0	0.0	0.0	0.0	0.0	0.0	0.0	0.0	0.0	0.0	0.0	0.0	0.0	0.0	0.0	0.0	0.0	0.0	0.0	0.0	0.0	0.0	0.0	0.0	0.0	0.0	0.0	0.0	0.0	0.0	0.0	0.0	0.0	0.0	0.0	0.0	0.0	0.0	0.0	0.0	0.0	0.0	0.0	0.0	0.0	0.0	0.0	0.0	0.0	0.0	0.0	0.0	0.0	0.0	0.0	0.0	0.0	0.0	0.0	0.0	0.0	0.0	0.0	0.0	0.0	0.0	0.0	0.0	0.0	0.0	0.0	0.0	0.0	0.0	0.0	0.0	0.0	0.0	0.0	0.0	0.0	0.0	0.0	0.0	0.0	0.0	0.0	0.0	0.0	0.0	0.0	0.0	0.0	0.0	0.0	0.0	0.0	0.0	0.0	0.0	0.0	0.0	0.0	0.0	0.0	0.0	0.0	0.0	0.0	0.0	0.0	0.0	0.0	0.0	0.0	0.0	0.0	0.0	0.0	0.0	0.0	0.0	0.0	0.0	0.0	0.0	0.0	0.0	0.0	0.0	0.0	0.0	0.0	0.0	0.0	0.0	0.0	0.0	0.0	0.0	0.0	0.0	0.0	0.0	0.0	0.0	0.0	0.0	0.0	0.0	0.0	0.0	0.0	0.0	0.0	0.0	0.0	0.0	0.0	0.0	0.0	0.0	0.0	0.0	0.0	0.0	0.0	0.0	0.0	0.0	0.0	0.0	0.0	0.0	0.0	0.0	0.0	0.0	0.0	0.0	0.0	0.0	0.0	0.0	0.0	0.0	0.0	0.0	0.0	0.0	0.0	0.0	0.0	0.0	0.0	0.0	0.0	0.0	0.0	0.0	0.0	0.0	0.0	0.0	0.0	0.0	0.0	0.0	0.0	0.0	0.0	0.0	0.0	0.0	0.0	0.0	0.0	1.0	0.0	0.0	0.0	0.0	0.0	0.0	0.0	0.0	0.0	0.0	0.0	0.0	0.0	0.0	0.0	0.0	0.0	0.0	0.0	0.0	0.0	0.0	0.0	0.0	0.0	0.0	0.0	0.0	0.0	0.0	0.0	0.0	0.0	0.0	0.0	0.0	0.0
d370	0.0	0.0	0.0	1.0	0.0	0.0	0.0	0.0	0.0	0.0	0.0	0.0	0.0	0.0	0.0	1.0	0.0	0.0	0.0	0.0	0.0	0.0	0.0	0.0	0.0	0.0	0.0	0.0	0.0	0.0	0.0	0.0	0.0	0.0	0.0	0.0	0.0	0.0	0.0	0.0	0.0	0.0	0.0	0.0	0.0	0.0	0.0	0.0	0.0	0.0	0.0	0.0	0.0	0.0	0.0	0.0	0.0	0.0	0.0	0.0	0.0	0.0	0.0	0.0	0.0	0.0	0.0	0.0	0.0	0.0	0.0	0.0	0.0	0.0	1.0	0.0	0.0	0.0	0.0	0.0	0.0	0.0	0.0	0.0	0.0	0.0	0.0	0.0	0.0	0.0	1.0	0.0	0.0	0.0	0.0	0.0	0.0	0.0	0.0	0.0	0.0	0.0	0.0	0.0	0.0	0.0	0.0	0.0	0.0	0.0	0.0	0.0	0.0	0.0	0.0	0.0	0.0	0.0	0.0	0.0	0.0	0.0	0.0	0.0	0.0	0.0	0.0	0.0	0.0	0.0	0.0	0.0	0.0	0.0	0.0	0.0	0.0	0.0	0.0	1.0	0.0	0.0	0.0	0.0	0.0	0.0	0.0	0.0	0.0	0.0	0.0	0.0	0.0	0.0	0.0	0.0	0.0	1.0	0.0	0.0	0.0	0.0	0.0	0.0	0.0	0.0	0.0	0.0	0.0	0.0	0.0	0.0	0.0	1.0	0.0	0.0	0.0	0.0	0.0	0.0	0.0	0.0	0.0	0.0	0.0	0.0	0.0	0.0	0.0	0.0	0.0	0.0	0.0	0.0	0.0	0.0	0.0	0.0	0.0	0.0	0.0	0.0	0.0	0.0	0.0	0.0	0.0	1.0	0.0	0.0	0.0	0.0	0.0	0.0	0.0	0.0	0.0	0.0	0.0	0.0	0.0	0.0	0.0	0.0	0.0	0.0	0.0	0.0	0.0	0.0	0.0	0.0	0.0	0.0	0.0	0.0	0.0	0.0	0.0	0.0	0.0	0.0	0.0	0.0	0.0	0.0	0.0	0.0	0.0	0.0	0.0	0.0	1.0	0.0	0.0	0.0	1.0	0.0	0.0	0.0	0.0	0.0	0.0	0.0	0.0	0.0	0.0	0.0	0.0	0.0	0.0	0.0	0.0	0.0	0.0	0.0	0.0	0.0	0.0	0.0	0.0	0.0	0.0	0.0	0.0	0.0	0.0	0.0	0.0	0.0	0.0	0.0	0.0	0.0	0.0	0.0	0.0	0.0	0.0	0.0	0.0	0.0	0.0	0.0	0.0	0.0	0.0	0.0	0.0	0.0	0.0	0.0	0.0	0.0	0.0	0.0	0.0	0.0	0.0	0.0	0.0	0.0	0.0	0.0	0.0	0.0	0.0	0.0	0.0	0.0	0.0	0.0	0.0	0.0	0.0	0.0	0.0	0.0	0.0	0.0	0.0	0.0	0.0	0.0	0.0	0.0	0.0	0.0	0.0	0.0	0.0	0.0	0.0	0.0	0.0	0.0	0.0	0.0	0.0	0.0	0.0	1.0	0.0	0.0	1.0	0.0	0.0	0.0	0.0	0.0	0.0	0.0	0.0	0.0	0.0	0.0	0.0	0.0	1.0	0.0	0.0	1.0	0.0	0.0	0.0	0.0	0.0	0.0	0.0	0.0	0.0	0.0	0.0	0.0	0.0	0.0	0.0	0.0	0.0	0.0	0.0	0.0	0.0	0.0	0.0	0.0	0.0	0.0	0.0	0.0	0.0	0.0	1.0	0.0	0.0	0.0	0.0	0.0	1.0	0.0	0.0	0.0	0.0	0.0	0.0	0.0	0.0	0.0	0.0	0.0	0.0	0.0	0.0	0.0	0.0	0.0	0.0	0.0	0.0	0.0	0.0	0.0	0.0	0.0	0.0	0.0	0.0	0.0	0.0	0.0	0.0	0.0	0.0	0.0	0.0	0.0	0.0	1.0	0.0	0.0	0.0	0.0	0.0	0.0	0.0	0.0	0.0	0.0	0.0	0.0	0.0	0.0	0.0	0.0	0.0	0.0	1.0	0.0	0.0	0.0	0.0	0.0	0.0	0.0	0.0	0.0	0.0	0.0	0.0	0.0	0.0	0.0	0.0	0.0	0.0	0.0	0.0	0.0	1.0	0.0	0.0	0.0	0.0	0.0	0.0	0.0	0.0	0.0	0.0	0.0	0.0	0.0	0.0	0.0	1.0	0.0	0.0	0.0	0.0	0.0	0.0	0.0	0.0	0.0	0.0	0.0	0.0	0.0	0.0	0.0	0.0	0.0	1.0	0.0	0.0	0.0	0.0	0.0	0.0	0.0	0.0	0.0	0.0	0.0	0.0	0.0	0.0	0.0	0.0	0.0	0.0	0.0	0.0	0.0	0.0	0.0	0.0	1.0	0.0	0.0	1.0	0.0	0.0	0.0	0.0	0.0	0.0	0.0	0.0	0.0	0.0	0.0	0.0	0.0	0.0	0.0	0.0	0.0	0.0	0.0	0.0	0.0	0.0	0.0	0.0	0.0	0.0	0.0	0.0	0.0	0.0	0.0	0.0	0.0	0.0	0.0	1.0	0.0	0.0	0.0	0.0	0.0	0.0	0.0	1.0	0.0	0.0	0.0	0.0	0.0	0.0	0.0	0.0	0.0	0.0	0.0	0.0	0.0	0.0	0.0	0.0	0.0	0.0	0.0	0.0	0.0	0.0	0.0	0.0	0.0	0.0	0.0	0.0	0.0	0.0	0.0	0.0	0.0	0.0	0.0	0.0	0.0	0.0	0.0	0.0	0.0	0.0	0.0	0.0	0.0	0.0	0.0	0.0	0.0	0.0	0.0	0.0	0.0	0.0	0.0	1.0	0.0	0.0	0.0	0.0	0.0	0.0	0.0	0.0	0.0	0.0	0.0	0.0	0.0	0.0	0.0	0.0	0.0	0.0	0.0	0.0	0.0	0.0	0.0	0.0	0.0	0.0	0.0	0.0	0.0	0.0	0.0	0.0	0.0	0.0	0.0	0.0	0.0	1.0	0.0	0.0	0.0	0.0	0.0	0.0	0.0	0.0	0.0	0.0	0.0	0.0	0.0	0.0	0.0	0.0	0.0	0.0	0.0	0.0	0.0	0.0	0.0	0.0	0.0	0.0	0.0	0.0	0.0	0.0	0.0	0.0	0.0	0.0	0.0	0.0	0.0	0.0	0.0	0.0	0.0	0.0	0.0	0.0	0.0	0.0	0.0	0.0	0.0	0.0	0.0	0.0	0.0	0.0	0.0	0.0	0.0	0.0	0.0	0.0	0.0	0.0	0.0	0.0
d380	0.0	0.0	0.0	0.0	0.0	0.0	0.0	0.0	0.0	0.0	0.0	0.0	0.0	0.0	0.0	0.0	0.0	0.0	0.0	0.0	0.0	0.0	0.0	0.0	0.0	0.0	0.0	0.0	0.0	0.0	0.0	0.0	0.0	0.0	0.0	0.0	0.0	0.0	0.0	0.0	0.0	0.0	0.0	0.0	0.0	0.0	0.0	0.0	0.0	0.0	0.0	0.0	0.0	0.0	0.0	0.0	0.0	0.0	0.0	0.0	0.0	0.0	0.0	0.0	0.0	0.0	0.0	0.0	0.0	0.0	0.0	0.0	0.0	0.0	0.0	0.0	0.0	0.0	0.0	0.0	0.0	0.0	0.0	0.0	0.0	0.0	0.0	0.0	0.0	0.0	1.0	0.0	0.0	0.0	0.0	0.0	0.0	0.0	0.0	0.0	0.0	0.0	0.0	0.0	0.0	0.0	0.0	0.0	0.0	0.0	0.0	0.0	0.0	0.0	0.0	0.0	0.0	0.0	0.0	0.0	0.0	0.0	0.0	0.0	0.0	0.0	0.0	0.0	0.0	0.0	0.0	0.0	0.0	0.0	0.0	0.0	0.0	0.0	0.0	0.0	0.0	0.0	0.0	0.0	0.0	0.0	0.0	0.0	0.0	0.0	0.0	0.0	0.0	1.0	0.0	0.0	0.0	0.0	0.0	0.0	0.0	0.0	0.0	0.0	0.0	0.0	0.0	0.0	0.0	0.0	0.0	0.0	0.0	0.0	0.0	0.0	0.0	0.0	0.0	0.0	0.0	0.0	0.0	0.0	0.0	0.0	0.0	0.0	0.0	0.0	0.0	0.0	0.0	0.0	0.0	0.0	0.0	0.0	0.0	0.0	0.0	0.0	0.0	0.0	0.0	0.0	0.0	0.0	0.0	0.0	0.0	0.0	0.0	0.0	0.0	0.0	0.0	0.0	0.0	0.0	0.0	0.0	0.0	0.0	0.0	0.0	0.0	0.0	0.0	0.0	0.0	0.0	0.0	0.0	0.0	0.0	0.0	0.0	0.0	0.0	0.0	0.0	0.0	0.0	0.0	0.0	0.0	0.0	0.0	0.0	0.0	0.0	0.0	0.0	0.0	0.0	0.0	0.0	0.0	0.0	0.0	0.0	0.0	0.0	0.0	0.0	0.0	0.0	0.0	0.0	0.0	0.0	0.0	0.0	0.0	0.0	0.0	0.0	0.0	0.0	0.0	0.0	0.0	0.0	0.0	0.0	0.0	0.0	0.0	0.0	0.0	0.0	0.0	0.0	0.0	0.0	0.0	0.0	0.0	0.0	0.0	0.0	0.0	0.0	0.0	0.0	0.0	0.0	0.0	0.0	0.0	0.0	0.0	0.0	0.0	0.0	0.0	0.0	0.0	0.0	0.0	0.0	0.0	0.0	0.0	0.0	0.0	0.0	0.0	0.0	0.0	0.0	0.0	0.0	0.0	0.0	0.0	0.0	0.0	0.0	0.0	0.0	0.0	0.0	0.0	0.0	0.0	0.0	0.0	0.0	0.0	0.0	0.0	0.0	0.0	0.0	0.0	0.0	0.0	0.0	0.0	0.0	0.0	0.0	1.0	0.0	0.0	0.0	0.0	0.0	0.0	0.0	0.0	0.0	0.0	0.0	0.0	0.0	0.0	0.0	0.0	0.0	0.0	0.0	0.0	0.0	0.0	0.0	0.0	0.0	0.0	0.0	0.0	0.0	0.0	0.0	0.0	0.0	0.0	0.0	0.0	0.0	0.0	0.0	0.0	0.0	0.0	0.0	0.0	0.0	0.0	0.0	0.0	0.0	0.0	0.0	0.0	0.0	0.0	0.0	0.0	0.0	0.0	0.0	0.0	0.0	0.0	0.0	0.0	0.0	0.0	0.0	0.0	0.0	0.0	0.0	0.0	0.0	0.0	1.0	0.0	0.0	0.0	0.0	0.0	0.0	0.0	0.0	0.0	0.0	0.0	0.0	0.0	0.0	0.0	0.0	0.0	0.0	0.0	0.0	0.0	0.0	0.0	0.0	0.0	0.0	0.0	0.0	0.0	0.0	0.0	0.0	0.0	0.0	0.0	0.0	0.0	0.0	0.0	0.0	0.0	0.0	0.0	0.0	0.0	0.0	0.0	0.0	0.0	0.0	0.0	0.0	0.0	0.0	0.0	0.0	0.0	0.0	0.0	0.0	0.0	0.0	0.0	0.0	0.0	0.0	0.0	0.0	0.0	0.0	0.0	0.0	0.0	0.0	0.0	0.0	0.0	0.0	0.0	0.0	0.0	0.0	0.0	0.0	0.0	0.0	0.0	0.0	0.0	0.0	0.0	0.0	1.0	0.0	0.0	0.0	0.0	0.0	0.0	1.0	0.0	0.0	0.0	0.0	0.0	0.0	0.0	0.0	0.0	0.0	0.0	0.0	0.0	0.0	0.0	0.0	0.0	0.0	0.0	0.0	0.0	0.0	0.0	0.0	0.0	0.0	0.0	0.0	0.0	0.0	0.0	0.0	0.0	0.0	0.0	0.0	0.0	0.0	0.0	0.0	0.0	0.0	0.0	0.0	0.0	0.0	0.0	0.0	0.0	0.0	0.0	0.0	0.0	0.0	0.0	0.0	0.0	0.0	0.0	0.0	0.0	0.0	0.0	0.0	0.0	0.0	0.0	0.0	0.0	0.0	0.0	0.0	0.0	0.0	0.0	0.0	0.0	0.0	0.0	0.0	0.0	0.0	0.0	0.0	0.0	0.0	0.0	0.0	0.0	0.0	0.0	0.0	0.0	0.0	0.0	0.0	0.0	0.0	0.0	0.0	0.0	0.0	0.0	0.0	0.0	0.0	0.0	0.0	0.0	0.0	0.0	0.0	0.0	0.0	0.0	0.0	0.0	0.0	0.0	0.0	0.0	0.0	0.0	0.0	0.0	0.0	0.0	0.0	0.0	0.0	0.0	0.0	0.0	0.0	0.0	0.0	0.0	0.0	0.0	0.0	0.0	0.0	0.0	0.0	0.0	0.0	0.0	0.0	0.0	0.0	0.0	0.0	0.0	0.0	0.0	0.0	0.0	0.0	0.0	0.0	0.0	0.0	0.0	0.0	0.0	0.0	0.0	0.0	0.0	0.0	0.0	0.0	0.0	0.0	0.0	0.0	0.0	0.0	0.0	0.0	0.0	0.0	0.0	0.0	0.0	0.0	0.0	0.0	0.0	0.0	0.0	0.0	0.0	0.0	0.0	0.0	0.0	0.0	0.0	0.0	0.0	0.0	0.0	0.0	0.0	0.0	0.0	0.0	0.0	0.0	0.0	0.0	0.0	0.0	0.0	0.0	0.0	0.0	0.0	0.0	0.0	0.0	0.0
r590	0.0	0.0	0.0	0.0	0.0	0.0	0.0	0.0	0.0	0.0	0.0	0.0	0.0	0.0	0.0	0.0	0.0	0.0	0.0	0.0	0.0	0.0	0.0	0.0	0.0	0.0	0.0	0.0	0.0	0.0	0.0	0.0	0.0	0.0	0.0	0.0	0.0	0.0	0.0	0.0	0.0	0.0	0.0	0.0	0.0	0.0	0.0	0.0	0.0	0.0	0.0	0.0	0.0	0.0	0.0	0.0	0.0	0.0	0.0	0.0	0.0	0.0	0.0	0.0	0.0	0.0	0.0	0.0	0.0	0.0	0.0	0.0	0.0	0.0	0.0	0.0	0.0	0.0	0.0	0.0	0.0	0.0	0.0	0.0	0.0	0.0	0.0	0.0	0.0	0.0	0.0	0.0	0.0	0.0	0.0	0.0	0.0	0.0	0.0	0.0	0.0	0.0	0.0	0.0	0.0	0.0	0.0	0.0	0.0	0.0	0.0	0.0	0.0	0.0	0.0	0.0	0.0	0.0	0.0	0.0	0.0	0.0	0.0	0.0	0.0	0.0	0.0	0.0	0.0	0.0	0.0	0.0	0.0	0.0	0.0	0.0	0.0	0.0	0.0	0.0	0.0	0.0	0.0	0.0	0.0	0.0	0.0	0.0	0.0	0.0	0.0	0.0	0.0	0.0	0.0	0.0	0.0	0.0	0.0	0.0	0.0	0.0	0.0	0.0	0.0	0.0	0.0	0.0	0.0	0.0	0.0	0.0	0.0	0.0	0.0	0.0	0.0	0.0	0.0	0.0	0.0	0.0	0.0	0.0	0.0	0.0	0.0	0.0	0.0	0.0	0.0	0.0	0.0	0.0	0.0	0.0	0.0	0.0	0.0	0.0	0.0	0.0	0.0	0.0	0.0	0.0	0.0	0.0	0.0	0.0	0.0	0.0	0.0	0.0	0.0	0.0	0.0	0.0	0.0	0.0	0.0	0.0	0.0	0.0	0.0	0.0	0.0	0.0	0.0	0.0	0.0	0.0	0.0	0.0	0.0	0.0	0.0	0.0	0.0	0.0	0.0	0.0	0.0	0.0	0.0	0.0	0.0	0.0	0.0	0.0	0.0	0.0	0.0	0.0	0.0	0.0	0.0	0.0	0.0	0.0	0.0	0.0	0.0	0.0	0.0	0.0	0.0	0.0	0.0	0.0	0.0	0.0	0.0	0.0	0.0	0.0	0.0	0.0	0.0	0.0	0.0	0.0	0.0	0.0	0.0	0.0	0.0	0.0	0.0	0.0	0.0	0.0	0.0	0.0	0.0	0.0	0.0	0.0	0.0	0.0	0.0	0.0	0.0	0.0	0.0	0.0	0.0	0.0	0.0	0.0	0.0	0.0	0.0	0.0	0.0	0.0	0.0	0.0	0.0	0.0	0.0	0.0	0.0	0.0	0.0	0.0	0.0	0.0	0.0	0.0	0.0	0.0	0.0	1.0	0.0	0.0	0.0	0.0	0.0	0.0	0.0	0.0	0.0	0.0	0.0	0.0	0.0	0.0	0.0	0.0	0.0	0.0	0.0	0.0	0.0	0.0	0.0	0.0	0.0	0.0	0.0	0.0	0.0	0.0	0.0	0.0	0.0	0.0	0.0	0.0	0.0	0.0	0.0	0.0	0.0	0.0	0.0	0.0	0.0	0.0	0.0	0.0	0.0	0.0	0.0	0.0	0.0	0.0	0.0	0.0	0.0	0.0	0.0	0.0	0.0	0.0	0.0	0.0	0.0	0.0	0.0	0.0	0.0	0.0	0.0	0.0	0.0	0.0	0.0	0.0	0.0	0.0	0.0	0.0	0.0	0.0	0.0	0.0	0.0	0.0	0.0	0.0	0.0	0.0	0.0	0.0	0.0	0.0	0.0	0.0	0.0	0.0	0.0	0.0	0.0	0.0	0.0	0.0	0.0	0.0	0.0	0.0	0.0	0.0	0.0	0.0	0.0	0.0	0.0	0.0	0.0	0.0	0.0	0.0	0.0	0.0	0.0	0.0	0.0	0.0	0.0	0.0	0.0	0.0	0.0	0.0	0.0	0.0	0.0	0.0	0.0	0.0	0.0	0.0	0.0	0.0	0.0	0.0	0.0	0.0	0.0	0.0	0.0	0.0	0.0	0.0	0.0	0.0	0.0	0.0	0.0	0.0	0.0	0.0	0.0	0.0	0.0	0.0	0.0	0.0	0.0	0.0	0.0	0.0	0.0	0.0	0.0	0.0	0.0	0.0	0.0	0.0	0.0	0.0	0.0	0.0	0.0	0.0	0.0	0.0	0.0	0.0	0.0	0.0	0.0	0.0	0.0	0.0	0.0	0.0	0.0	0.0	0.0	0.0	0.0	0.0	0.0	0.0	0.0	0.0	0.0	0.0	0.0	0.0	0.0	0.0	0.0	0.0	0.0	0.0	0.0	0.0	0.0	0.0	0.0	0.0	0.0	0.0	0.0	0.0	0.0	0.0	0.0	0.0	0.0	0.0	0.0	0.0	0.0	0.0	0.0	0.0	0.0	0.0	0.0	0.0	0.0	0.0	0.0	0.0	0.0	0.0	0.0	0.0	0.0	0.0	0.0	0.0	0.0	0.0	0.0	0.0	0.0	0.0	0.0	0.0	0.0	0.0	0.0	0.0	0.0	0.0	0.0	0.0	0.0	0.0	0.0	0.0	0.0	0.0	0.0	0.0	0.0	0.0	0.0	0.0	0.0	0.0	0.0	0.0	0.0	0.0	0.0	0.0	0.0	0.0	0.0	0.0	0.0	0.0	0.0	0.0	0.0	0.0	0.0	0.0	0.0	0.0	0.0	0.0	0.0	0.0	0.0	0.0	0.0	0.0	0.0	0.0	0.0	0.0	0.0	0.0	0.0	0.0	0.0	0.0	0.0	0.0	0.0	0.0	0.0	0.0	0.0	0.0	0.0	0.0	0.0	0.0	0.0	0.0	0.0	0.0	0.0	0.0	0.0	0.0	0.0	0.0	0.0	0.0	0.0	0.0	0.0	0.0	0.0	0.0	0.0	0.0	0.0	0.0	0.0	0.0	0.0	0.0	0.0	0.0	0.0	0.0	0.0	0.0	0.0	0.0	0.0	0.0	0.0	1.0	0.0	0.0	0.0	0.0	0.0	0.0	0.0	0.0	0.0	0.0	0.0	0.0	0.0	0.0	0.0	0.0	0.0	0.0	0.0	0.0	0.0	0.0	0.0	0.0	0.0	0.0	0.0	0.0	0.0	0.0	0.0	0.0	0.0	0.0	0.0	0.0	0.0	0.0	0.0	0.0	0.0	0.0	0.0	0.0	0.0	0.0	0.0	0.0	0.0	0.0	0.0	0.0	0.0	0.0	0.0	0.0	0.0
r599	0.0	0.0	0.0	0.0	0.0	0.0	0.0	0.0	0.0	0.0	0.0	0.0	0.0	0.0	0.0	0.0	0.0	0.0	0.0	0.0	0.0	0.0	0.0	0.0	0.0	0.0	0.0	0.0	0.0	0.0	0.0	0.0	0.0	0.0	0.0	0.0	0.0	0.0	0.0	0.0	0.0	0.0	0.0	0.0	0.0	0.0	0.0	0.0	0.0	0.0	0.0	0.0	0.0	0.0	0.0	0.0	0.0	0.0	0.0	0.0	0.0	0.0	0.0	0.0	0.0	0.0	0.0	0.0	0.0	0.0	0.0	0.0	0.0	0.0	0.0	0.0	0.0	0.0	0.0	0.0	0.0	0.0	0.0	0.0	0.0	0.0	0.0	0.0	0.0	0.0	0.0	0.0	0.0	0.0	0.0	0.0	0.0	0.0	0.0	0.0	0.0	0.0	0.0	0.0	0.0	0.0	0.0	0.0	0.0	0.0	0.0	0.0	0.0	0.0	0.0	0.0	0.0	0.0	0.0	0.0	0.0	0.0	0.0	0.0	0.0	0.0	0.0	0.0	0.0	0.0	0.0	0.0	0.0	0.0	0.0	0.0	0.0	0.0	0.0	0.0	0.0	0.0	0.0	0.0	0.0	0.0	0.0	0.0	0.0	0.0	0.0	0.0	0.0	0.0	0.0	0.0	0.0	0.0	0.0	0.0	0.0	0.0	0.0	0.0	0.0	0.0	0.0	0.0	0.0	0.0	0.0	0.0	0.0	0.0	0.0	0.0	0.0	0.0	0.0	0.0	0.0	0.0	0.0	0.0	0.0	0.0	0.0	0.0	0.0	0.0	0.0	0.0	0.0	0.0	0.0	0.0	0.0	0.0	0.0	0.0	0.0	0.0	0.0	0.0	0.0	0.0	0.0	0.0	0.0	0.0	0.0	0.0	0.0	0.0	0.0	0.0	0.0	0.0	0.0	0.0	0.0	0.0	0.0	0.0	0.0	0.0	0.0	0.0	0.0	0.0	0.0	0.0	0.0	0.0	0.0	0.0	0.0	0.0	0.0	0.0	0.0	0.0	0.0	0.0	0.0	0.0	0.0	0.0	0.0	0.0	0.0	0.0	0.0	0.0	0.0	0.0	0.0	0.0	0.0	0.0	0.0	0.0	0.0	0.0	0.0	0.0	0.0	0.0	0.0	0.0	0.0	0.0	1.0	0.0	0.0	0.0	0.0	0.0	0.0	0.0	0.0	0.0	0.0	0.0	0.0	0.0	0.0	0.0	0.0	0.0	0.0	0.0	0.0	0.0	0.0	0.0	0.0	0.0	0.0	0.0	0.0	0.0	0.0	0.0	0.0	0.0	0.0	0.0	0.0	0.0	0.0	0.0	0.0	0.0	0.0	0.0	0.0	0.0	0.0	0.0	0.0	0.0	0.0	0.0	0.0	0.0	0.0	0.0	0.0	0.0	0.0	0.0	0.0	0.0	0.0	0.0	0.0	0.0	0.0	0.0	0.0	0.0	0.0	0.0	0.0	0.0	0.0	0.0	0.0	0.0	0.0	0.0	0.0	0.0	0.0	0.0	0.0	0.0	0.0	0.0	0.0	0.0	0.0	0.0	0.0	0.0	0.0	0.0	0.0	0.0	0.0	0.0	0.0	0.0	0.0	0.0	0.0	0.0	0.0	0.0	0.0	0.0	0.0	0.0	0.0	0.0	0.0	0.0	0.0	0.0	0.0	0.0	0.0	0.0	0.0	0.0	0.0	0.0	0.0	0.0	0.0	0.0	0.0	0.0	0.0	0.0	0.0	0.0	0.0	0.0	0.0	0.0	0.0	0.0	0.0	0.0	0.0	0.0	0.0	0.0	0.0	0.0	0.0	0.0	0.0	0.0	0.0	0.0	0.0	0.0	0.0	0.0	0.0	0.0	0.0	0.0	0.0	0.0	0.0	0.0	0.0	0.0	0.0	0.0	0.0	0.0	0.0	0.0	0.0	0.0	0.0	0.0	0.0	0.0	0.0	0.0	0.0	0.0	0.0	0.0	0.0	0.0	0.0	0.0	0.0	0.0	0.0	0.0	0.0	0.0	0.0	0.0	0.0	0.0	0.0	0.0	0.0	0.0	0.0	0.0	0.0	0.0	0.0	0.0	0.0	0.0	0.0	0.0	0.0	0.0	0.0	0.0	0.0	0.0	0.0	0.0	0.0	0.0	0.0	0.0	0.0	0.0	0.0	0.0	0.0	0.0	0.0	0.0	0.0	0.0	0.0	0.0	0.0	0.0	0.0	0.0	0.0	0.0	0.0	0.0	0.0	0.0	0.0	0.0	0.0	0.0	0.0	0.0	0.0	0.0	0.0	0.0	0.0	0.0	0.0	0.0	0.0	0.0	0.0	0.0	0.0	0.0	0.0	0.0	0.0	0.0	0.0	0.0	0.0	0.0	0.0	0.0	0.0	0.0	0.0	0.0	0.0	0.0	0.0	0.0	0.0	0.0	0.0	0.0	0.0	0.0	0.0	0.0	0.0	0.0	0.0	0.0	0.0	0.0	0.0	0.0	0.0	0.0	0.0	0.0	0.0	0.0	0.0	0.0	0.0	0.0	0.0	0.0	0.0	0.0	1.0	0.0	0.0	0.0	0.0	0.0	0.0	0.0	0.0	0.0	0.0	0.0	0.0	0.0	0.0	0.0	0.0	0.0	0.0	0.0	0.0	0.0	0.0	0.0	0.0	0.0	0.0	0.0	0.0	0.0	0.0	0.0	0.0	0.0	0.0	0.0	0.0	0.0	0.0	0.0	0.0	0.0	0.0	0.0	0.0	0.0	0.0	0.0	0.0	0.0	0.0	0.0	0.0	0.0	0.0	0.0	0.0	0.0	0.0	0.0	0.0	0.0	0.0	0.0	0.0	0.0	0.0	0.0	0.0	0.0	0.0	0.0	0.0	0.0	0.0	0.0	0.0	0.0	0.0	0.0	0.0	0.0	0.0	0.0	0.0	0.0	0.0	0.0	0.0	0.0	0.0	0.0	0.0	0.0	0.0	0.0	0.0	0.0	0.0	0.0	0.0	0.0	0.0	0.0	0.0	0.0	0.0	0.0	0.0	0.0	0.0	0.0	0.0	0.0	0.0	0.0	0.0	0.0	0.0	0.0	0.0	0.0	0.0	0.0	0.0	0.0	0.0	0.0	0.0	0.0	0.0	1.0	0.0	0.0	0.0	0.0	0.0	0.0	0.0	0.0	0.0	0.0	0.0	0.0	0.0	0.0	0.0	0.0	0.0	0.0	0.0	0.0	0.0	0.0	0.0	0.0	0.0	0.0	0.0	0.0	0.0	0.0	0.0	0.0	0.0	0.0	0.0	0.0	0.0	0.0	0.0	0.0	0.0
t810	0.0	0.0	0.0	0.0	0.0	0.0	0.0	0.0	0.0	0.0	0.0	0.0	0.0	0.0	0.0	0.0	0.0	0.0	0.0	0.0	0.0	0.0	0.0	0.0	0.0	0.0	0.0	0.0	0.0	0.0	0.0	0.0	0.0	0.0	0.0	0.0	0.0	0.0	0.0	0.0	0.0	0.0	0.0	0.0	0.0	0.0	0.0	0.0	0.0	0.0	0.0	0.0	0.0	0.0	0.0	0.0	0.0	0.0	0.0	0.0	0.0	0.0	0.0	0.0	0.0	0.0	0.0	0.0	0.0	0.0	0.0	0.0	0.0	0.0	0.0	0.0	0.0	0.0	0.0	0.0	0.0	0.0	0.0	0.0	0.0	0.0	0.0	0.0	0.0	0.0	0.0	0.0	0.0	0.0	0.0	0.0	0.0	0.0	0.0	0.0	0.0	0.0	0.0	0.0	0.0	0.0	0.0	0.0	0.0	0.0	0.0	0.0	0.0	0.0	0.0	0.0	0.0	0.0	0.0	0.0	0.0	0.0	0.0	0.0	0.0	0.0	0.0	0.0	0.0	0.0	0.0	0.0	0.0	0.0	0.0	0.0	0.0	0.0	0.0	0.0	0.0	0.0	0.0	0.0	0.0	0.0	0.0	0.0	0.0	0.0	0.0	0.0	0.0	0.0	0.0	0.0	0.0	0.0	0.0	0.0	0.0	0.0	0.0	0.0	0.0	0.0	0.0	0.0	0.0	0.0	0.0	0.0	0.0	0.0	0.0	0.0	0.0	0.0	0.0	0.0	0.0	0.0	0.0	0.0	0.0	0.0	0.0	0.0	0.0	0.0	0.0	0.0	0.0	0.0	0.0	0.0	0.0	0.0	0.0	0.0	0.0	0.0	0.0	0.0	0.0	0.0	0.0	0.0	0.0	0.0	0.0	0.0	0.0	0.0	0.0	0.0	0.0	0.0	0.0	0.0	0.0	0.0	0.0	0.0	0.0	0.0	0.0	0.0	0.0	0.0	0.0	0.0	0.0	0.0	0.0	0.0	0.0	0.0	0.0	0.0	0.0	0.0	0.0	0.0	0.0	0.0	0.0	0.0	0.0	0.0	0.0	0.0	0.0	0.0	0.0	0.0	0.0	0.0	0.0	0.0	0.0	0.0	0.0	0.0	0.0	0.0	0.0	0.0	0.0	0.0	0.0	0.0	0.0	0.0	0.0	0.0	0.0	0.0	0.0	0.0	0.0	0.0	0.0	0.0	0.0	0.0	0.0	0.0	0.0	0.0	0.0	0.0	0.0	0.0	0.0	0.0	0.0	0.0	0.0	0.0	0.0	0.0	0.0	0.0	0.0	0.0	0.0	0.0	0.0	0.0	0.0	0.0	0.0	0.0	0.0	0.0	0.0	0.0	0.0	0.0	0.0	0.0	0.0	0.0	0.0	0.0	0.0	0.0	0.0	0.0	0.0	0.0	0.0	0.0	0.0	0.0	0.0	0.0	0.0	0.0	0.0	0.0	0.0	0.0	0.0	0.0	0.0	0.0	0.0	0.0	0.0	0.0	0.0	0.0	0.0	0.0	0.0	0.0	0.0	0.0	0.0	0.0	0.0	0.0	0.0	0.0	0.0	0.0	0.0	0.0	0.0	0.0	0.0	0.0	0.0	0.0	0.0	0.0	0.0	0.0	0.0	0.0	0.0	0.0	0.0	0.0	0.0	0.0	0.0	0.0	0.0	0.0	0.0	0.0	0.0	0.0	0.0	0.0	0.0	0.0	0.0	0.0	0.0	0.0	0.0	0.0	0.0	0.0	0.0	0.0	0.0	0.0	0.0	0.0	0.0	0.0	0.0	0.0	0.0	0.0	0.0	0.0	0.0	0.0	0.0	0.0	0.0	0.0	0.0	0.0	0.0	0.0	0.0	0.0	0.0	0.0	0.0	0.0	0.0	0.0	0.0	0.0	0.0	0.0	0.0	0.0	0.0	0.0	0.0	0.0	0.0	0.0	0.0	0.0	0.0	0.0	0.0	0.0	0.0	0.0	0.0	0.0	0.0	0.0	0.0	0.0	0.0	0.0	0.0	0.0	0.0	0.0	0.0	0.0	0.0	0.0	0.0	0.0	0.0	0.0	0.0	0.0	0.0	0.0	0.0	0.0	0.0	0.0	0.0	0.0	0.0	0.0	0.0	0.0	0.0	0.0	0.0	0.0	0.0	0.0	0.0	0.0	0.0	0.0	0.0	0.0	0.0	0.0	0.0	0.0	0.0	0.0	0.0	0.0	0.0	0.0	0.0	0.0	0.0	0.0	0.0	0.0	0.0	0.0	0.0	0.0	0.0	0.0	0.0	0.0	0.0	0.0	0.0	0.0	0.0	0.0	0.0	0.0	0.0	0.0	0.0	0.0	0.0	0.0	0.0	0.0	0.0	0.0	0.0	0.0	0.0	0.0	0.0	0.0	0.0	0.0	0.0	0.0	0.0	0.0	0.0	0.0	0.0	0.0	0.0	0.0	0.0	0.0	0.0	0.0	0.0	0.0	0.0	0.0	0.0	0.0	0.0	0.0	0.0	0.0	0.0	0.0	0.0	0.0	0.0	0.0	0.0	0.0	0.0	0.0	0.0	0.0	0.0	0.0	0.0	0.0	0.0	0.0	0.0	0.0	0.0	0.0	0.0	0.0	0.0	0.0	0.0	0.0	0.0	0.0	0.0	0.0	0.0	0.0	0.0	0.0	0.0	0.0	0.0	0.0	0.0	0.0	0.0	0.0	1.0	0.0	0.0	0.0	0.0	0.0	0.0	0.0	0.0	0.0	0.0	0.0	0.0	0.0	0.0	0.0	0.0	0.0	0.0	0.0	0.0	0.0	0.0	0.0	0.0	0.0	0.0	0.0	0.0	0.0	0.0	0.0	0.0	0.0	0.0	0.0	0.0	0.0	0.0	0.0	0.0	0.0	0.0	0.0	0.0	0.0	0.0	0.0	0.0	0.0	0.0	0.0	0.0	0.0	0.0	0.0	0.0	0.0	0.0	0.0	0.0	0.0	0.0	0.0	0.0	0.0	0.0	0.0	0.0	0.0	0.0	0.0	0.0	0.0	0.0	0.0	0.0	0.0	0.0	0.0	1.0	0.0	0.0	0.0	0.0	0.0	0.0	0.0	0.0	0.0	0.0	0.0	0.0	0.0	0.0	0.0	0.0	0.0	0.0	0.0	0.0	0.0	0.0	0.0	0.0	0.0	0.0	0.0	0.0	0.0	0.0	0.0	0.0	0.0	0.0	0.0	0.0	0.0	0.0	0.0	0.0	0.0	0.0	0.0	0.0	0.0	0.0	0.0	0.0	0.0	0.0	0.0	0.0	0.0	0.0	0.0	0.0	0.0	0.0
recurrence	0.0	1.0	0.0	0.0	0.0	0.0	0.0	0.0	0.0	0.0	1.0	0.0	0.0	1.0	1.0	0.0	0.0	0.0	0.0	0.0	0.0	0.0	0.0	0.0	1.0	0.0	0.0	0.0	0.0	0.0	1.0	0.0	0.0	0.0	1.0	0.0	0.0	1.0	0.0	0.0	0.0	0.0	1.0	1.0	0.0	0.0	0.0	0.0	0.0	1.0	0.0	0.0	0.0	0.0	0.0	0.0	0.0	0.0	1.0	0.0	0.0	0.0	0.0	0.0	1.0	0.0	0.0	0.0	0.0	0.0	0.0	0.0	0.0	0.0	0.0	0.0	0.0	0.0	0.0	0.0	0.0	0.0	0.0	0.0	0.0	0.0	0.0	0.0	0.0	0.0	0.0	0.0	1.0	1.0	0.0	0.0	0.0	0.0	0.0	0.0	0.0	0.0	0.0	0.0	0.0	0.0	0.0	0.0	0.0	0.0	0.0	0.0	0.0	0.0	0.0	0.0	1.0	0.0	0.0	0.0	1.0	0.0	0.0	0.0	0.0	0.0	0.0	0.0	1.0	0.0	0.0	1.0	0.0	0.0	0.0	0.0	1.0	0.0	1.0	0.0	0.0	1.0	0.0	0.0	0.0	0.0	0.0	0.0	0.0	0.0	0.0	0.0	0.0	1.0	0.0	0.0	0.0	0.0	0.0	0.0	1.0	0.0	1.0	0.0	0.0	0.0	0.0	0.0	0.0	1.0	0.0	0.0	0.0	0.0	0.0	0.0	0.0	0.0	0.0	0.0	0.0	0.0	0.0	0.0	0.0	0.0	0.0	0.0	1.0	0.0	0.0	0.0	0.0	0.0	0.0	0.0	1.0	0.0	0.0	0.0	0.0	0.0	0.0	0.0	0.0	0.0	0.0	0.0	0.0	0.0	0.0	1.0	0.0	0.0	0.0	0.0	0.0	0.0	0.0	0.0	0.0	0.0	0.0	0.0	0.0	0.0	0.0	0.0	0.0	0.0	0.0	0.0	1.0	0.0	1.0	1.0	0.0	0.0	0.0	0.0	0.0	0.0	0.0	0.0	0.0	0.0	0.0	1.0	0.0	0.0	0.0	0.0	0.0	0.0	0.0	0.0	0.0	1.0	0.0	0.0	0.0	0.0	0.0	1.0	1.0	0.0	0.0	0.0	1.0	1.0	1.0	1.0	1.0	1.0	1.0	0.0	1.0	0.0	0.0	0.0	0.0	0.0	0.0	0.0	1.0	0.0	0.0	0.0	0.0	0.0	1.0	1.0	1.0	0.0	0.0	0.0	0.0	1.0	0.0	1.0	0.0	0.0	1.0	0.0	0.0	1.0	0.0	0.0	0.0	0.0	0.0	0.0	0.0	0.0	1.0	0.0	0.0	0.0	0.0	0.0	0.0	1.0	0.0	0.0	1.0	0.0	0.0	0.0	0.0	0.0	0.0	0.0	1.0	0.0	0.0	0.0	0.0	0.0	0.0	0.0	0.0	1.0	0.0	1.0	1.0	1.0	1.0	1.0	0.0	0.0	0.0	0.0	0.0	1.0	0.0	0.0	0.0	0.0	0.0	0.0	0.0	0.0	0.0	0.0	0.0	1.0	0.0	0.0	0.0	0.0	0.0	0.0	0.0	0.0	0.0	1.0	0.0	0.0	1.0	0.0	0.0	1.0	0.0	0.0	0.0	0.0	0.0	0.0	0.0	1.0	0.0	0.0	1.0	1.0	0.0	1.0	0.0	1.0	0.0	0.0	0.0	0.0	0.0	0.0	0.0	0.0	0.0	0.0	0.0	0.0	0.0	0.0	0.0	0.0	0.0	0.0	1.0	0.0	1.0	0.0	0.0	1.0	0.0	1.0	0.0	0.0	0.0	0.0	0.0	0.0	1.0	0.0	0.0	0.0	0.0	0.0	1.0	0.0	0.0	0.0	0.0	0.0	0.0	0.0	0.0	0.0	0.0	0.0	0.0	0.0	0.0	0.0	0.0	1.0	0.0	0.0	0.0	1.0	0.0	0.0	0.0	0.0	0.0	0.0	0.0	0.0	0.0	0.0	0.0	0.0	1.0	0.0	0.0	0.0	0.0	1.0	0.0	0.0	0.0	1.0	0.0	0.0	0.0	0.0	0.0	0.0	1.0	0.0	0.0	1.0	0.0	0.0	0.0	0.0	0.0	0.0	0.0	1.0	0.0	1.0	0.0	0.0	1.0	1.0	0.0	0.0	0.0	0.0	0.0	0.0	0.0	0.0	0.0	0.0	0.0	0.0	0.0	1.0	0.0	1.0	1.0	0.0	0.0	0.0	0.0	1.0	0.0	0.0	0.0	1.0	0.0	0.0	1.0	0.0	1.0	0.0	0.0	1.0	0.0	0.0	1.0	0.0	0.0	0.0	0.0	0.0	0.0	0.0	1.0	0.0	0.0	0.0	0.0	0.0	0.0	0.0	0.0	0.0	1.0	0.0	1.0	1.0	0.0	0.0	0.0	1.0	1.0	0.0	0.0	1.0	0.0	1.0	1.0	1.0	0.0	1.0	0.0	1.0	0.0	0.0	0.0	0.0	0.0	0.0	0.0	1.0	0.0	0.0	1.0	0.0	0.0	0.0	0.0	0.0	0.0	0.0	0.0	1.0	0.0	0.0	0.0	0.0	0.0	0.0	0.0	1.0	0.0	0.0	0.0	0.0	0.0	0.0	0.0	1.0	1.0	0.0	0.0	0.0	0.0	0.0	0.0	0.0	0.0	0.0	0.0	1.0	0.0	1.0	1.0	0.0	0.0	0.0	0.0	0.0	1.0	1.0	1.0	1.0	0.0	0.0	0.0	0.0	1.0	0.0	0.0	0.0	1.0	0.0	0.0	0.0	0.0	1.0	0.0	1.0	1.0	0.0	0.0	0.0	0.0	1.0	0.0	1.0	0.0	0.0	0.0	0.0	1.0	1.0	0.0	0.0	1.0	0.0	0.0	0.0	0.0	0.0	1.0	1.0	0.0	0.0	0.0	0.0	0.0	0.0	0.0	0.0	0.0	0.0	1.0	0.0	1.0	0.0	0.0	0.0	0.0	1.0	0.0	1.0	0.0	1.0	0.0	0.0	0.0	0.0	0.0	1.0	0.0	0.0	0.0	0.0	0.0	0.0	0.0	0.0	0.0	1.0	0.0	0.0	1.0	0.0	1.0	0.0	0.0	1.0	0.0	1.0	1.0	0.0	0.0	0.0	1.0	0.0	0.0	1.0	1.0	0.0	0.0	0.0	0.0	0.0	0.0	0.0	0.0	0.0	0.0	0.0	0.0	0.0	0.0	0.0	1.0	1.0	1.0	0.0	0.0	0.0	1.0	1.0	0.0	0.0	0.0	0.0	0.0
days_to_recurrence	555.0008751439963	357.0	655.8748869079949	743.7721528886974	168.34975319165517	464.57362543784797	202.53929066360325	516.2155396316869	280.88767493118485	1350.0651696832485	356.3594550250066	597.0575740589567	374.0	1304.8755464082901	459.0	676.2683070581652	608.8238568289346	933.8083419077419	817.0	295.1665834758807	141.4403733716162	653.478644512345	484.2591258128898	405.4540845442086	650.0	627.6485711006848	497.85157860940194	882.274612699529	939.2914966298049	2122.64251914827	419.0	239.26130027291214	1380.2178347351596	498.68287329691725	300.8969283104497	321.7876220050149	319.19816405545816	333.7155198562634	822.773373791197	1122.1554456650147	448.3367258989398	2126.5847297058845	1314.0	1382.0	427.0729669741453	1282.6030253907802	1211.8334396540338	281.2668255668556	402.378580387428	263.0	429.70929984261943	323.6055700512643	943.7629330415223	387.94075942053206	358.8632141124033	403.9113635042692	348.15231872663816	430.9548581124483	923.0	-23.823073568941368	369.3027192849533	488.4278879955632	492.41886828179946	299.1501181820742	127.0	719.0402317728101	880.9155702667258	734.7211108041986	815.9729096235185	153.14083116006026	1216.3796620819776	368.00924827512404	870.6309520285386	631.6255997694069	587.0964080927467	58.23882322850079	1095.3848822771133	610.4397874977735	290.1200054894166	191.59499560608714	295.18985582743977	516.6552141059731	919.9892195519567	534.2682368830095	326.91253975868665	1040.4079143083623	503.7206533910183	395.11370700965085	1101.8008180089632	485.65722019508286	468.0	558.7440166795495	420.0	317.22419690639174	419.88269091785213	243.0	559.7427386395144	749.0287481234204	470.3254500239235	548.0841710838768	472.3252762149757	711.7958789482658	430.89018298950066	328.66818709082986	468.2902907423624	774.9376998685321	268.66987905740706	435.35061220791306	715.2735859484102	664.4508113557655	676.8042237133415	488.1240737357841	426.070353185119	709.6748085229593	909.9647484652515	301.226436504315	772.0	143.3733623124644	433.39266838738627	625.3173379749222	359.22168694922254	570.7126529394479	570.4062126778374	436.95588555494845	566.3592804693477	448.01070855780836	647.0668522025461	682.8867436977031	492.0	240.84589582109606	386.82555776855776	447.8416537932058	192.89963105484003	363.6353355960888	437.97147210751274	814.929663566635	1519.0	420.05044054381995	658.2091666676187	538.0166775959111	551.4361444873547	308.0	748.5076990414866	425.27080638800766	750.3272195439224	509.2029747113025	559.6005021151714	258.1857475782863	252.69812708065382	432.3443275724588	235.72270776922937	1125.6069240959694	301.0	636.0	363.574843206597	388.54543172245985	812.8044733061201	412.0	1086.2801722629715	252.42602926215488	2275.0	288.6372422038656	133.0	251.8022673421239	332.9810884698319	325.76606195316435	744.2611395889899	425.70535465512614	956.2391778141008	451.4116325223696	254.00125297146775	537.45803108656	585.7669514230912	305.53792267274923	435.2714547634884	596.6774426037396	984.7591930567709	688.1320880084122	463.2533754991639	668.2140999862074	473.9013411883483	481.8404444674597	234.6226803194541	334.62298432144917	898.7514376033619	521.5901319786392	1562.263477570954	309.6809987836174	363.3452174296934	607.2317488713201	1414.4219646005179	525.1396451905366	601.3714012215383	560.1577491385166	938.0326511052008	229.0	1975.60025420827	1187.0804004515628	1427.793628823894	433.9276966048173	206.51584366432905	1.0912996382567144	686.6770864368325	321.81391347245193	675.0599059280215	578.0945091952141	495.8704253355636	659.6348655181644	488.5219444623542	162.95591398098105	545.5632643617672	2269.0	607.6166664900545	382.9049684835069	177.7447386178107	742.4030467363011	446.7215932516155	-115.16353113649632	746.3164813457038	579.0505271762961	692.1232963007955	340.21952885911526	603.358435481514	606.8408912993414	88.0	327.3637088876957	667.1839682139188	616.5294267775192	176.9512772261408	473.15142110848046	730.8478052766734	643.0080282941466	615.6380642636825	767.55385445569	147.0	60.0	236.18853218989585	203.9097805774436	263.89583917717414	109.95351069464743	502.1387860543178	474.0353773536791	373.4471791572655	422.92786239479665	514.9866179483104	298.7381346612309	464.1103169470798	908.1237167621855	560.5247211010235	281.2304703798254	133.3280090076036	503.2267213160195	264.95221524321425	422.2074415929862	1240.929225453925	628.6441284925745	896.4598657537614	713.0	377.9709626354289	415.475394993979	913.0658836578709	479.5362143455585	923.4040912028915	191.0	542.7317346445913	967.857616287861	161.0	581.2718475801979	187.0	231.180385032628	700.0	845.0587260511879	1563.0	546.0	274.0	511.0314818008437	743.0	330.84141588784	919.552705714605	506.8932016813442	1659.6254988588037	661.8465172820898	720.0	411.6308182409799	359.0	494.22679978214126	847.4938945997326	418.39832372699095	250.06420007014498	356.4785214074427	339.8743275525094	463.9444699930976	438.0	520.6185034387664	369.76299293528166	406.4920628728676	1401.9852199273423	945.0	606.5893612077609	567.0	362.5826705266486	741.9216392748272	258.0	492.87689331978123	419.18458326932705	287.0	336.3647940391518	638.3481172839244	434.79863291279236	984.7797607836893	948.084671624292	515.0044417391834	192.91787154660256	233.31710139698941	847.3036274011752	1266.1294082975678	602.4962459610759	955.4032601053974	556.1966062084178	594.3542329356683	437.8945161017491	328.0	884.3275485982776	688.1776656509758	1210.0	835.2523860866636	715.7763159157721	843.7608836131603	646.0115611312746	974.5657143791489	969.8914940176301	589.8211365857408	1484.0	352.0352791351479	547.6680716589656	629.6291897394198	345.97723443132804	490.24909888839943	540.5539378623595	387.9625693878378	781.1162418899178	519.4382178252359	1172.2979285377264	945.0	94.0	327.28508607837443	169.0	86.0	342.99963139671416	432.414380495564	469.5791937669701	360.53184171918974	407.28478521012994	670.0	1124.443054925025	770.3644311941819	326.4910586024774	1508.67662376925	523.7031121168665	412.8348479429253	543.6678335369318	399.8513602537299	562.8101682337779	389.3549793409169	1206.1244173253526	804.0	963.2732775219583	341.05478613622034	705.1831974983702	419.16903167764326	305.4570040773958	505.22537602721275	569.6118471238603	835.931341218838	957.5510465613113	359.3061592955572	711.7550265365425	628.5301096944968	388.0	249.9943830154677	686.5467927172253	405.0	293.18076000716866	724.2007971082281	135.0	777.4816194869301	1088.614263327853	346.5317453809089	458.6034810348492	696.0	789.2284332837498	494.65376094816025	237.0	1118.0	334.69299007086875	250.0	508.07176545535043	242.15625501036754	294.31393483335376	370.18587357749686	1111.3892784442965	760.3242512701745	502.5477897706878	836.6343863797886	543.7341282897514	369.25691363624276	592.7886601761996	591.6561713340258	986.8976076738136	550.6495547292194	110.18441016106209	405.62287199125944	793.5505020823188	777.92039766119	340.6878849342419	106.20521543394312	450.46624041396734	398.22803510967435	378.58499105166595	814.5459528080236	738.4692959929698	1807.0	385.2522052821068	1279.0	344.9136093422685	970.9727777896633	354.2252703151054	362.8604291874186	846.7751563260416	1261.581236023953	926.0	820.3366799601513	263.74004021822316	485.1208160784887	270.08559281116896	573.8825771935127	427.0	329.2894016318388	180.10159884827152	488.7563426437836	836.6039436280194	571.0280896160149	872.889062010492	312.25325406249465	859.2024348129748	420.9129799357595	277.67602751778355	510.16245602713514	599.5476940545062	570.3235250692743	628.4605285082475	986.2646626096539	96.09425925698463	518.0	329.9936104103673	417.86115696914635	694.0524563108297	58.0	299.7840696181932	988.6790118382904	400.05738346327524	608.7024710736235	881.3780610802771	352.2448403711128	1007.5808157745801	406.5335599916274	1126.004063630413	373.30881873742203	401.67190285268686	285.0	49.0	599.2286937991067	402.32278964193364	335.78219902208144	930.798660766925	343.0	809.8670308025075	690.329682014031	316.6840267572311	460.0	921.0572946920238	980.6962807622866	560.2890728169259	160.15253909182303	398.9193025737885	518.90989613344	138.0	132.0	618.5722950255342	208.29598986385673	866.0566140839817	220.42899890006248	1646.8941387945395	419.4990587820501	479.0549562674223	1145.2546383488514	732.5631191076349	565.669534356594	337.1981171951476	825.8389243003176	561.3519903007016	2200.0	189.0	100.0	317.09509825348624	365.85691742083145	1495.8292164384277	397.13248916003033	392.08963789472807	216.4394888603606	730.3094591766891	743.2988435765835	240.6989026167891	395.3096036013556	419.3052221079495	1055.224539970568	415.260644652599	412.0	509.1790026167405	1069.0	892.0	471.3405962887556	557.3032261807547	325.55711397511226	703.1962418612038	510.0	168.18577746053478	1602.9423530295344	488.4040259729342	68.0	642.1182146496535	508.5327545732436	504.0	276.24213617050657	153.0	395.6662681135605	1160.0406325645454	230.0	519.6923975054906	444.9938570167813	677.6759698362525	646.3047534495145	864.8255066865061	596.3142720540634	448.14828274955863	644.036225945326	850.0332855443137	254.0	398.0	670.5723203912695	513.8442914271203	1083.0	519.771696470972	281.0911507617082	676.5812337015446	1729.8122694346137	802.7728789928905	574.2170916947615	1021.0	833.60520678226	422.44252379285666	1190.0	137.9448661674415	971.6602556343681	469.9710183995034	476.0	465.28336926215263	228.44745618062183	689.946152087881	568.0959443241803	334.85338060188406	635.3051000719552	79.0	380.5632510061213	1967.0	101.0	839.2503559406484	-121.84181545848958	217.80293417048574	466.2285884003744	560.8136245450148	584.4398062640296	331.94864518694914	175.63620066831004	410.8862916858315	287.0	880.4623883937982	585.1549829244584	247.0	531.4807084210702	1345.0	529.6588056475119	694.2524884623048	509.3431355934795	446.10226565803026	657.7694450196468	476.2576903705485	95.0	550.7098584239687	451.3652922385557	295.79323871529465	1459.3720713491603	1453.0150712751772	470.6976661278121	464.8338354875775	285.0	427.92520677806374	953.6443106152627	134.38331580343697	617.798096222148	97.31895103321966	290.2124659131784	427.52569283477885	434.0	345.0	300.0	546.6827195077258	503.8672927926833	198.3753637837031	481.70518178630346	322.54444516754114	826.5840798379404	1.843499779594822	424.16145427304684	311.3538091238597	877.5617099158243	-87.09581719128948	3002.0	420.6611353529417	551.1294290459116	265.94009511777375	408.2592520334192	582.9062054699715	910.874320021727	643.954898511364	269.0	659.0	311.0	405.5012896789251	405.6055906977707	834.6486258093239	440.12425897409935	199.0	475.9793813501132	434.6345156606152	375.8199840934567	778.0	331.4747697906082	437.9479796120875	577.0532169151422	443.71504129860955	117.70565679547389	1318.9639361614386	852.0	314.994737076155	1053.76643279802	525.419919781205	250.0	177.472263409827	447.0	403.77179229316215	508.0	261.20285071230313	773.5982030661262	763.0831256492567	548.0	356.0	187.0	1987.4097775578043	793.297037869629	161.39918235642057	547.245120256222	388.69344702328794	354.693516318299	1099.2425575901452	557.3521413615739	579.0	363.0	444.75841315198795	305.52131753542056	285.24501392201523	664.8097559294407	505.1698761861129	639.4966864561745	367.64094758713964	295.593159390134	218.97164650648403	307.60535661753676	499.8557369172477	132.0	606.0	725.3209362726278	659.7564792796225	1333.7576668615698	1506.0929524584592	117.0	479.52491624785904	147.0	67.31654989448333	1023.5728209870144	1024.397354112928	1053.460432824142	979.7146278142254	635.869572531477	588.6184690239668	319.1023385754574	324.481522494474	586.8002143487611	22.838934780737873	135.62618517318708	498.65217895215824	1090.0360153133709	645.657538345463	435.4633573164797	302.6181860257958	515.3387537866984	89.28206456615544	509.9725583557816	200.0	2205.3815155795864	175.0	173.42627074390873	732.7930593757758	54.0	413.1373885131934	322.13529206783346	182.0	803.9512147607497	407.1734395875692	540.3804880827159	224.0	638.1625989030499	423.64125431745384	691.6233731677264	356.0	345.78929446792654	1167.2197127327913	549.4629635663814	433.31049182708375	573.7305029901532	177.0796525492005	565.648962698535	463.13363296056764	420.23946550199	724.1002070859826	391.5600189265784	354.3484250836262	1630.4832312540416	1217.7751854983057	476.1402514802654	574.1791286712808	1372.0	362.0	295.94834579352363	787.0301080860044	301.1082035236577	1202.0	256.0	1239.4204222939268	590.3499909470697	344.49618512302015	2247.73430209774	279.13514106229076
survival_status	1.0	1.0	1.0	1.0	1.0	1.0	1.0	1.0	1.0	1.0	0.0	1.0	1.0	0.0	1.0	1.0	0.0	1.0	1.0	1.0	1.0	1.0	1.0	0.0	1.0	0.0	1.0	1.0	1.0	1.0	1.0	1.0	1.0	0.0	0.0	1.0	1.0	1.0	1.0	1.0	0.0	0.0	1.0	0.0	1.0	0.0	1.0	1.0	1.0	0.0	1.0	0.0	1.0	1.0	0.0	1.0	1.0	1.0	1.0	0.0	1.0	1.0	1.0	1.0	0.0	1.0	1.0	1.0	1.0	1.0	1.0	1.0	1.0	1.0	0.0	1.0	1.0	1.0	1.0	1.0	1.0	0.0	1.0	1.0	1.0	1.0	1.0	1.0	0.0	1.0	1.0	1.0	0.0	0.0	0.0	0.0	0.0	1.0	1.0	1.0	1.0	0.0	1.0	0.0	0.0	1.0	1.0	1.0	0.0	1.0	1.0	0.0	1.0	1.0	0.0	1.0	1.0	1.0	1.0	0.0	0.0	1.0	1.0	1.0	0.0	1.0	0.0	1.0	1.0	0.0	1.0	1.0	1.0	1.0	1.0	1.0	0.0	1.0	0.0	1.0	1.0	1.0	1.0	1.0	0.0	1.0	1.0	1.0	1.0	1.0	1.0	1.0	0.0	0.0	1.0	1.0	0.0	0.0	1.0	1.0	1.0	1.0	0.0	1.0	1.0	1.0	1.0	1.0	1.0	0.0	1.0	0.0	0.0	1.0	1.0	1.0	1.0	1.0	0.0	1.0	0.0	1.0	1.0	1.0	1.0	1.0	1.0	1.0	0.0	1.0	1.0	0.0	1.0	0.0	1.0	0.0	1.0	0.0	1.0	1.0	1.0	0.0	1.0	1.0	1.0	0.0	0.0	1.0	0.0	1.0	1.0	1.0	1.0	1.0	1.0	1.0	1.0	1.0	1.0	1.0	1.0	0.0	0.0	1.0	0.0	1.0	0.0	1.0	1.0	1.0	1.0	1.0	1.0	1.0	0.0	0.0	1.0	0.0	1.0	1.0	1.0	1.0	1.0	1.0	1.0	1.0	1.0	0.0	1.0	1.0	1.0	1.0	1.0	0.0	1.0	0.0	1.0	1.0	1.0	1.0	0.0	1.0	1.0	0.0	0.0	0.0	0.0	1.0	1.0	0.0	1.0	1.0	0.0	1.0	1.0	1.0	1.0	0.0	1.0	0.0	0.0	1.0	0.0	1.0	0.0	1.0	1.0	1.0	1.0	1.0	0.0	0.0	1.0	1.0	0.0	1.0	0.0	1.0	0.0	0.0	0.0	1.0	1.0	1.0	1.0	0.0	1.0	0.0	1.0	1.0	0.0	1.0	1.0	1.0	0.0	1.0	1.0	1.0	1.0	1.0	1.0	1.0	1.0	1.0	1.0	1.0	1.0	1.0	1.0	1.0	1.0	1.0	1.0	1.0	1.0	1.0	1.0	1.0	1.0	0.0	1.0	0.0	1.0	0.0	0.0	0.0	0.0	0.0	1.0	1.0	1.0	1.0	1.0	0.0	1.0	1.0	1.0	1.0	1.0	1.0	1.0	0.0	1.0	1.0	1.0	0.0	1.0	1.0	1.0	1.0	1.0	1.0	1.0	1.0	1.0	0.0	1.0	0.0	0.0	1.0	1.0	0.0	1.0	1.0	0.0	1.0	1.0	1.0	1.0	1.0	1.0	1.0	1.0	0.0	0.0	0.0	1.0	0.0	0.0	1.0	1.0	0.0	1.0	1.0	1.0	1.0	1.0	0.0	1.0	1.0	1.0	1.0	1.0	1.0	1.0	0.0	0.0	1.0	0.0	1.0	1.0	1.0	1.0	1.0	1.0	1.0	1.0	1.0	1.0	1.0	1.0	1.0	1.0	1.0	1.0	1.0	1.0	1.0	0.0	1.0	1.0	1.0	1.0	1.0	1.0	1.0	1.0	1.0	1.0	1.0	1.0	1.0	0.0	1.0	1.0	1.0	1.0	0.0	1.0	1.0	1.0	0.0	0.0	1.0	1.0	0.0	1.0	1.0	1.0	1.0	0.0	1.0	1.0	1.0	1.0	0.0	0.0	1.0	1.0	1.0	1.0	0.0	1.0	1.0	1.0	1.0	1.0	1.0	1.0	0.0	0.0	1.0	0.0	1.0	1.0	1.0	1.0	1.0	0.0	1.0	1.0	1.0	0.0	0.0	1.0	1.0	1.0	1.0	1.0	1.0	1.0	1.0	1.0	1.0	1.0	1.0	1.0	0.0	0.0	1.0	0.0	1.0	0.0	1.0	1.0	0.0	1.0	1.0	1.0	1.0	1.0	1.0	0.0	1.0	1.0	0.0	1.0	1.0	1.0	1.0	1.0	1.0	1.0	1.0	1.0	1.0	1.0	1.0	0.0	1.0	0.0	0.0	1.0	1.0	1.0	1.0	1.0	0.0	0.0	1.0	0.0	1.0	1.0	1.0	1.0	1.0	1.0	1.0	1.0	0.0	1.0	0.0	1.0	0.0	1.0	0.0	1.0	1.0	1.0	1.0	1.0	1.0	1.0	1.0	0.0	0.0	1.0	1.0	1.0	1.0	0.0	0.0	1.0	1.0	1.0	1.0	1.0	0.0	1.0	1.0	1.0	1.0	0.0	1.0	1.0	0.0	0.0	0.0	1.0	0.0	1.0	1.0	1.0	1.0	0.0	1.0	1.0	1.0	1.0	1.0	1.0	1.0	1.0	1.0	1.0	0.0	1.0	0.0	0.0	1.0	1.0	1.0	1.0	1.0	0.0	1.0	1.0	0.0	1.0	1.0	1.0	0.0	0.0	0.0	1.0	1.0	0.0	1.0	1.0	0.0	1.0	0.0	0.0	0.0	0.0	1.0	0.0	1.0	1.0	0.0	0.0	0.0	1.0	0.0	1.0	1.0	0.0	1.0	1.0	1.0	0.0	0.0	1.0	1.0	1.0	1.0	1.0	0.0	1.0	1.0	1.0	1.0	0.0	0.0	1.0	1.0	1.0	1.0	0.0	0.0	0.0	1.0	1.0	1.0	1.0	0.0	0.0	1.0	1.0	0.0	0.0	1.0	0.0	0.0	1.0	0.0	0.0	1.0	0.0	1.0	1.0	1.0	0.0	1.0	1.0	1.0	1.0	1.0	0.0	1.0	1.0	1.0	0.0	1.0	1.0	0.0	0.0	1.0	1.0	1.0	0.0	1.0	1.0	0.0	0.0	1.0	1.0	1.0	1.0	0.0	1.0	1.0	1.0	1.0	1.0	0.0	1.0	0.0	1.0	0.0	1.0	1.0	0.0	1.0	0.0	1.0	0.0	0.0	1.0	0.0	1.0	1.0	0.0
survival_status_with_cause	3.0	3.0	3.0	3.0	3.0	3.0	3.0	3.0	3.0	3.0	3.0	3.0	3.0	2.0	3.0	3.0	1.0	3.0	3.0	3.0	3.0	3.0	3.0	1.0	3.0	3.0	3.0	3.0	3.0	3.0	3.0	3.0	3.0	1.0	2.0	3.0	3.0	3.0	3.0	3.0	1.0	2.0	3.0	2.0	3.0	1.0	3.0	3.0	3.0	2.0	3.0	2.0	3.0	3.0	2.0	3.0	3.0	3.0	3.0	2.0	3.0	3.0	3.0	3.0	2.0	3.0	3.0	3.0	3.0	3.0	3.0	3.0	3.0	3.0	2.0	3.0	3.0	3.0	3.0	3.0	3.0	1.0	3.0	3.0	3.0	3.0	3.0	3.0	3.0	3.0	3.0	3.0	2.0	3.0	1.0	2.0	1.0	3.0	3.0	3.0	3.0	2.0	3.0	2.0	1.0	3.0	3.0	3.0	2.0	3.0	3.0	0.0	3.0	3.0	1.0	3.0	3.0	3.0	3.0	1.0	1.0	3.0	3.0	3.0	1.0	3.0	1.0	3.0	3.0	1.0	3.0	3.0	3.0	3.0	3.0	3.0	3.0	3.0	2.0	3.0	3.0	3.0	3.0	3.0	1.0	3.0	3.0	3.0	3.0	1.0	3.0	3.0	2.0	3.0	3.0	3.0	1.0	2.0	3.0	3.0	3.0	3.0	2.0	3.0	3.0	3.0	3.0	3.0	3.0	2.0	3.0	1.0	1.0	3.0	3.0	3.0	3.0	3.0	3.0	3.0	1.0	3.0	3.0	3.0	3.0	3.0	3.0	3.0	2.0	3.0	3.0	2.0	3.0	1.0	3.0	2.0	3.0	1.0	3.0	3.0	3.0	1.0	3.0	3.0	3.0	1.0	1.0	3.0	2.0	3.0	3.0	3.0	3.0	3.0	3.0	3.0	3.0	3.0	3.0	3.0	3.0	2.0	3.0	3.0	2.0	3.0	1.0	3.0	3.0	3.0	3.0	3.0	3.0	3.0	2.0	2.0	3.0	1.0	3.0	3.0	3.0	3.0	3.0	3.0	3.0	3.0	3.0	2.0	3.0	3.0	3.0	3.0	3.0	1.0	3.0	1.0	3.0	3.0	3.0	3.0	1.0	3.0	3.0	3.0	1.0	2.0	2.0	3.0	3.0	2.0	3.0	3.0	2.0	3.0	3.0	3.0	3.0	1.0	3.0	2.0	2.0	3.0	2.0	3.0	2.0	3.0	3.0	3.0	3.0	3.0	2.0	2.0	3.0	3.0	1.0	3.0	1.0	3.0	2.0	2.0	1.0	3.0	3.0	3.0	3.0	2.0	3.0	1.0	3.0	3.0	1.0	3.0	3.0	3.0	2.0	3.0	3.0	3.0	3.0	3.0	3.0	3.0	3.0	3.0	3.0	3.0	3.0	3.0	3.0	3.0	3.0	3.0	3.0	3.0	3.0	3.0	3.0	3.0	3.0	2.0	3.0	0.0	3.0	2.0	2.0	2.0	2.0	2.0	3.0	3.0	3.0	3.0	3.0	2.0	3.0	3.0	3.0	3.0	3.0	3.0	3.0	2.0	3.0	3.0	3.0	2.0	3.0	3.0	3.0	3.0	3.0	3.0	3.0	3.0	3.0	2.0	3.0	3.0	2.0	3.0	3.0	2.0	3.0	3.0	1.0	3.0	3.0	3.0	3.0	3.0	3.0	3.0	3.0	2.0	2.0	2.0	3.0	3.0	2.0	3.0	3.0	2.0	3.0	3.0	3.0	3.0	3.0	1.0	3.0	3.0	3.0	3.0	3.0	3.0	3.0	1.0	3.0	3.0	2.0	3.0	3.0	3.0	3.0	3.0	3.0	3.0	3.0	3.0	3.0	3.0	3.0	3.0	3.0	3.0	3.0	3.0	3.0	3.0	1.0	3.0	3.0	3.0	3.0	3.0	3.0	3.0	3.0	3.0	3.0	3.0	3.0	3.0	1.0	3.0	3.0	3.0	3.0	1.0	3.0	3.0	3.0	2.0	1.0	3.0	3.0	2.0	3.0	3.0	3.0	3.0	2.0	3.0	3.0	3.0	3.0	2.0	1.0	3.0	3.0	3.0	3.0	1.0	3.0	3.0	3.0	3.0	3.0	3.0	3.0	2.0	1.0	3.0	1.0	3.0	3.0	3.0	3.0	3.0	1.0	3.0	3.0	1.0	2.0	2.0	3.0	3.0	3.0	3.0	3.0	3.0	3.0	3.0	3.0	3.0	3.0	3.0	3.0	3.0	1.0	3.0	2.0	3.0	1.0	3.0	3.0	3.0	3.0	3.0	3.0	3.0	1.0	3.0	3.0	3.0	3.0	1.0	3.0	3.0	3.0	3.0	3.0	3.0	3.0	3.0	3.0	3.0	3.0	3.0	2.0	3.0	2.0	3.0	3.0	3.0	3.0	3.0	3.0	1.0	2.0	3.0	1.0	3.0	3.0	3.0	3.0	3.0	3.0	3.0	3.0	2.0	3.0	3.0	3.0	3.0	3.0	1.0	3.0	3.0	3.0	3.0	3.0	3.0	3.0	3.0	0.0	2.0	3.0	3.0	0.0	3.0	2.0	1.0	3.0	3.0	3.0	3.0	3.0	0.0	3.0	3.0	3.0	3.0	2.0	3.0	3.0	2.0	3.0	1.0	3.0	1.0	3.0	3.0	3.0	3.0	2.0	3.0	3.0	3.0	3.0	3.0	3.0	3.0	3.0	3.0	3.0	2.0	3.0	2.0	1.0	3.0	3.0	3.0	3.0	3.0	2.0	3.0	3.0	2.0	3.0	3.0	3.0	1.0	2.0	3.0	3.0	3.0	2.0	3.0	3.0	1.0	3.0	3.0	0.0	3.0	2.0	3.0	2.0	3.0	3.0	2.0	3.0	2.0	3.0	1.0	3.0	3.0	2.0	3.0	3.0	3.0	2.0	1.0	3.0	3.0	3.0	3.0	3.0	2.0	3.0	3.0	1.0	3.0	1.0	2.0	3.0	3.0	3.0	3.0	2.0	0.0	3.0	3.0	3.0	3.0	3.0	1.0	1.0	3.0	3.0	1.0	1.0	3.0	1.0	1.0	3.0	2.0	2.0	3.0	1.0	3.0	3.0	3.0	2.0	3.0	3.0	3.0	3.0	3.0	3.0	3.0	3.0	3.0	2.0	3.0	3.0	2.0	2.0	3.0	3.0	1.0	2.0	3.0	3.0	2.0	2.0	3.0	3.0	3.0	3.0	1.0	3.0	3.0	3.0	3.0	3.0	1.0	3.0	1.0	3.0	1.0	3.0	3.0	3.0	3.0	1.0	3.0	3.0	2.0	3.0	2.0	3.0	3.0	1.0
days_to_last_information	2258.0	1753.0	851.0	2996.0	1225.2687469494786	1380.4225284021154	69.0	1617.0	1490.5384301821048	1616.0665853356097	1082.538173072931	1843.0	526.0	336.0	1507.3409657332736	2794.0	165.0	2610.0	830.0	4670.0	204.0	1977.42018524971	2677.10518254428	1023.5516079495992	2688.0	733.0	1679.0	3023.0	1924.0	1923.3237372479978	2337.0	539.0	2932.0	471.0	270.14636494819615	1454.0	2067.196665094747	535.2465728923178	953.0	3187.0	616.9401509604857	255.0	1420.0	3619.176997984927	1476.0	844.0	4260.0	155.0	1185.0	375.0	1854.0	749.5919000500387	4006.0	743.0	179.0482422198529	537.0	1258.0	1087.0	1203.0	358.0	972.0	68.0	59.0	536.0	718.0	2511.0	1303.1636912407494	2219.0	2442.0	1378.4916236591373	2575.0	843.2590935096505	1083.004804914331	680.0	980.0	1059.0	979.0	350.0	142.0	2079.0	1066.3049479154083	105.0	1018.0	901.0	1209.0	3722.0	1936.1169865660543	4233.0	897.3026681053531	131.0	709.0	847.0	604.0	1830.0	819.8325215757579	677.0	3133.0	2176.0	1003.3094250149716	1870.0	57.0	1298.0	3287.0	102.0	713.0	2267.0	584.0	73.0	64.0	1471.921575748209	3204.0	2829.0	699.0	1463.0	2264.0	2396.0	1152.6093112990234	1188.7118817675853	156.0	1512.42800424779	549.0	639.0	1408.0	1205.0	1183.0	2186.0	3470.0	2739.0	2139.0	2888.424997276673	1181.0	1484.0	115.0	1083.8502346541786	824.9977085865809	87.0	1526.0	1146.0	1386.8539613867667	636.0	612.1269406112435	954.0	1760.0	1083.1963348220393	1447.8402147476215	1896.0	1083.9784126081408	148.0	1090.5997652649537	1540.7969578640304	1696.672269041766	35.0	398.0	1055.0	1040.0138871108525	157.0	2814.0	706.0	380.0	753.6802640696235	2275.0	419.0	612.0	2442.0	164.0	1360.0	674.0	971.8641684591449	1373.3323969231735	318.0	1896.0	3038.0	462.40778423978065	510.98543430017605	1000.0	102.0	306.0	381.1552665111974	537.5490334793444	1799.0	426.0	485.0	484.0	121.0	2311.0	2366.0	284.0	667.0697796874579	1183.0	2174.0	2004.6926085142904	15.0	3043.0	1110.0	43.0	229.0	937.0	253.0	2533.0	759.573373680999	1410.643164774663	652.0	896.0	342.0	3629.0	1581.5643006000241	2354.7175043900643	919.0	54.0	1223.0	1185.0	1609.1796319359426	954.0	2428.0	125.0	849.0	2030.0	1629.0	3024.0	1161.0	1962.2699356252156	1551.0	78.0	1633.4661337407247	244.0	2264.7514493511167	967.0	1610.0	1264.2018070864153	2064.0	1792.747445589004	1470.6367359599342	3423.0	3197.0	802.0	78.0	1177.9333014854215	1039.0	1189.0089341758933	1109.0	1832.0	749.2421024136753	742.0	1745.0	1818.0	1744.8396855605047	251.0	900.6729792268405	2516.013052673641	1365.0	1372.0	2350.0	4097.0	2415.0	2086.0	368.0	1075.0	740.0	2824.0	1401.0	468.0	2682.0	482.16667219899307	196.0	55.0	127.0	170.0	1533.7652274653626	211.0	335.0	395.2936793671124	503.0	2076.0	880.2949597055012	401.3849520953137	3325.0	802.0	1857.3987392542385	1110.2720690162646	1574.0	1166.062324590613	607.0	1080.0	1679.0	827.0	880.0	2608.0	38.0	1941.0	1565.0361700149226	710.9290710845431	1147.0	838.0	1316.0	784.0	1811.0	2072.382616934112	3046.0	999.0	465.9395995832607	1270.457836552191	1901.0	1828.0	1547.0	1629.0	1737.0539643698974	1879.0	1599.0	1797.1379891350552	2330.0	2822.0	1479.0	1838.0	3060.0	796.0	3007.0	242.0	1631.0299354809824	2233.0	571.3687866323246	29.0	1521.0	1685.0	2372.0	1744.3092210980312	1612.0	1553.0	628.1852028616073	1699.0	707.0679665773337	2612.0	2217.0	1267.2206863026263	3751.0	2475.0	920.0	196.0	1251.0	1184.0866123433404	1342.0	849.0	106.0	56.0	1177.0	965.0	1480.114854765684	291.0	885.9780176948208	362.0	315.0	148.0	3088.0	1751.0	1072.0	1128.0	2499.0	350.0	903.6179958970807	2737.0	2263.335467493694	2578.0	113.0	335.0	931.0	2728.0	842.0	1346.0	954.0	234.0	1054.0	1402.2820367264744	2911.0	1228.6739224744438	2436.0	2789.0	705.0	24.0	145.0	229.87990160067693	2669.0	2568.653559340783	891.0	1185.0	3037.0	414.0	261.0	415.0	2810.0	1121.0	1332.6094358037394	1720.0	1323.0	1230.0	2194.0	413.0	515.0	247.0	545.0425730238944	180.0	2807.0	1034.2516471904726	2038.0	660.0	1577.0427752072676	1641.0	842.0	510.0	2167.0	2755.88809563387	2310.0	2123.2260686867003	840.1444974063181	1041.0	542.5829662653099	440.94118139992713	38.0	2751.0	2169.0	2147.0	1955.0	2260.0	1873.0	1358.4913686014916	2996.0	98.0	1771.0	242.0	155.0	2510.8813201088024	1092.0	1440.0	2904.755381323299	1810.372747415535	1011.0	154.0	4118.0	1061.1247320394832	2512.0	4500.0	1045.0	1823.9483949645783	385.85683386253845	1494.0	1129.0	3124.0	1843.0	1838.2738514998127	1059.0	1106.0	1347.0	1159.7389856767627	2502.0	48.0	3077.0	1941.0	1581.0	334.0	175.0	1009.955900550761	3337.0	982.0	460.8987451877813	1022.0	595.0	3581.0	207.0	282.0	99.0	1357.0	823.0	133.0	247.0	1358.0	1146.9060652819546	1675.0	525.0	3728.0	3178.0	1003.0	852.4844453901866	2578.0	89.0	2455.0	1004.0	1133.0	522.0	141.0	661.0	1409.0	299.0	1546.0	2055.0	773.557844814205	2060.0553585676853	441.0	2029.868040452046	770.0	370.0	104.0	1543.0	897.9043995102296	2326.0	256.0	642.0	1447.0	1329.0	688.0628931653741	965.0	1305.8249860098938	776.0	1885.0	1495.6231294489617	1798.0	405.0	2624.1460254835883	2786.0	469.9032464536401	1370.2512071990927	723.0	2771.0	955.0	1145.627778591576	983.0	2359.143489140386	914.0	694.0	1735.0	1621.1850194377248	2569.0	342.0	1189.0	1311.0	879.3229862806044	1619.903704543184	202.00517013042713	1474.0	3973.0	2519.406179470934	54.0	1069.0	1419.0	1342.4650547061528	775.7867312556573	933.8993966309287	1414.1943830559242	2693.0	3017.0	1048.2292287586533	584.0	1271.0	1359.0	1510.6826451042946	2379.0	3571.0	1498.0	2327.0	222.0	1625.0	2131.0	2109.5511473123133	577.0	1468.7699442273035	2118.4815617207823	1775.0	1370.5189389004315	1023.0	1759.28486030474	2861.0	2575.072326741358	374.0	2143.581112309792	693.0	3073.0	707.0	2163.0	114.0	2051.4773053546596	1563.2953531776707	3202.0	175.0	3193.901645252813	801.0	23.0	1304.7803517073444	540.0	379.0	3517.0	1747.0	511.0	3169.0	2959.0	1954.0	1064.0	1620.72474842729	1706.0	1959.0	2605.0	857.0	1803.0	1125.895551646788	2474.0	888.0	728.0	2383.0	1446.4300609815432	890.0	842.2111105580539	3295.0	9.0	1862.0	238.0	575.0	1432.0	664.0	1594.5653584259421	733.0	276.0	709.0	1633.0855093064333	706.0	433.0	1540.0	811.0	2625.0	1370.7430981085454	1669.0	1062.3031040147482	1027.600717470783	124.0	1357.0	763.0	374.0	1834.0	1529.538471311109	1492.0	2282.0	661.164108636594	1626.0	1830.1661793333403	760.8368237732063	1784.0	368.0	424.0	233.0	1914.0	2189.0	646.5496428596628	1031.0	2332.0	373.0	728.0	468.57211840174057	1237.0	1330.0	605.0	751.0	1276.0	997.0	1988.0	788.0	206.0	1041.0	1091.0	2660.0	5163.0	940.253305986799	372.0	1667.0	1967.0	463.0	537.0	167.0	693.9611298949081	431.0	1855.0	1217.6987812998784	1654.0	474.0	38.0	758.0	2270.0	1873.079966053022	920.0	174.0	511.0	923.1190539018977	292.0	3253.0	1000.0	484.0	1082.0	1521.66484407745	2336.3362730800395	2490.0	4032.0	603.240491240984	2257.0	2702.0	2984.0	1977.4145454197355	3824.0	1931.0	3012.0	191.0	1484.0	3766.0	2257.2307360803266	1729.3077860780872	1241.199616335848	1337.0	2679.0	3253.907898044404	72.0	596.0	2997.0	348.0	1716.0	2692.3573336421746	1296.4017113461955	4963.0	178.0	2845.0	3760.0	1797.0	960.0	1418.0	1684.0	1396.6456675568857	4801.0	1160.0	692.0	3222.0	760.6564773919813	1711.0	454.0	3232.0	2707.872249545692	3486.0	3198.0	1848.0	21.0	2873.471116277649	1203.0	1240.1394244341366	4221.0	1617.0	323.0	651.0	3600.0	1142.0	1360.3867680512221	2107.0	908.0	716.0	3072.0	1689.0	2819.0	282.6742218125735	4228.0	29.0	212.0	1220.0	939.0
rfs_event	0.0	1.0	0.0	0.0	0.0	0.0	0.0	0.0	0.0	1.0	1.0	0.0	1.0	1.0	1.0	0.0	1.0	0.0	0.0	0.0	0.0	0.0	0.0	1.0	1.0	1.0	0.0	0.0	0.0	0.0	1.0	0.0	0.0	1.0	1.0	0.0	0.0	1.0	0.0	0.0	1.0	1.0	1.0	1.0	0.0	1.0	0.0	0.0	0.0	1.0	0.0	1.0	0.0	0.0	1.0	0.0	0.0	0.0	1.0	1.0	0.0	0.0	0.0	0.0	1.0	0.0	1.0	0.0	0.0	0.0	0.0	0.0	0.0	0.0	1.0	0.0	0.0	0.0	0.0	0.0	0.0	1.0	0.0	0.0	0.0	0.0	0.0	0.0	1.0	0.0	0.0	0.0	1.0	1.0	1.0	1.0	1.0	0.0	0.0	0.0	0.0	1.0	0.0	0.0	1.0	0.0	0.0	0.0	1.0	0.0	0.0	1.0	0.0	0.0	1.0	0.0	1.0	0.0	0.0	1.0	1.0	0.0	0.0	1.0	1.0	0.0	1.0	0.0	1.0	1.0	0.0	1.0	0.0	0.0	0.0	0.0	1.0	0.0	1.0	0.0	0.0	1.0	0.0	0.0	1.0	0.0	0.0	0.0	0.0	1.0	0.0	0.0	1.0	1.0	0.0	0.0	1.0	1.0	0.0	0.0	1.0	1.0	1.0	1.0	0.0	0.0	0.0	0.0	0.0	1.0	0.0	1.0	1.0	0.0	0.0	0.0	0.0	0.0	1.0	0.0	1.0	0.0	0.0	0.0	0.0	0.0	0.0	0.0	1.0	0.0	0.0	1.0	0.0	1.0	0.0	1.0	1.0	1.0	0.0	0.0	0.0	1.0	0.0	0.0	0.0	1.0	1.0	0.0	1.0	0.0	0.0	1.0	0.0	0.0	0.0	0.0	0.0	0.0	0.0	0.0	0.0	1.0	1.0	0.0	1.0	0.0	1.0	0.0	0.0	0.0	0.0	0.0	1.0	0.0	1.0	1.0	0.0	1.0	0.0	0.0	0.0	0.0	0.0	0.0	0.0	0.0	0.0	1.0	0.0	0.0	0.0	0.0	0.0	1.0	0.0	1.0	0.0	1.0	0.0	1.0	1.0	0.0	1.0	1.0	1.0	1.0	1.0	0.0	1.0	1.0	1.0	1.0	1.0	1.0	1.0	0.0	1.0	1.0	0.0	1.0	1.0	0.0	1.0	0.0	1.0	0.0	0.0	1.0	0.0	0.0	1.0	1.0	1.0	0.0	1.0	0.0	1.0	1.0	1.0	1.0	1.0	0.0	1.0	1.0	0.0	1.0	0.0	1.0	0.0	0.0	1.0	0.0	0.0	0.0	1.0	0.0	0.0	0.0	0.0	0.0	0.0	1.0	0.0	0.0	1.0	0.0	0.0	0.0	0.0	0.0	0.0	0.0	1.0	1.0	0.0	0.0	0.0	0.0	0.0	1.0	0.0	1.0	0.0	1.0	1.0	1.0	1.0	1.0	0.0	0.0	0.0	0.0	0.0	1.0	0.0	0.0	0.0	0.0	0.0	0.0	0.0	1.0	0.0	0.0	0.0	1.0	0.0	1.0	0.0	0.0	0.0	0.0	0.0	0.0	0.0	1.0	0.0	1.0	1.0	0.0	0.0	1.0	0.0	0.0	1.0	0.0	0.0	0.0	0.0	1.0	0.0	0.0	1.0	1.0	1.0	1.0	0.0	1.0	1.0	0.0	0.0	1.0	0.0	0.0	0.0	0.0	0.0	1.0	0.0	0.0	0.0	0.0	0.0	0.0	0.0	1.0	1.0	0.0	1.0	0.0	0.0	1.0	0.0	1.0	0.0	0.0	0.0	0.0	0.0	0.0	1.0	0.0	0.0	0.0	0.0	0.0	1.0	0.0	1.0	0.0	0.0	0.0	0.0	0.0	0.0	0.0	0.0	0.0	0.0	0.0	0.0	0.0	1.0	1.0	0.0	0.0	0.0	1.0	0.0	0.0	0.0	1.0	1.0	0.0	0.0	1.0	0.0	0.0	0.0	0.0	1.0	0.0	0.0	0.0	0.0	1.0	1.0	0.0	0.0	1.0	0.0	1.0	0.0	0.0	0.0	0.0	1.0	1.0	0.0	1.0	1.0	0.0	1.0	0.0	0.0	0.0	0.0	1.0	1.0	1.0	0.0	1.0	1.0	1.0	0.0	0.0	0.0	0.0	0.0	0.0	0.0	0.0	0.0	0.0	0.0	0.0	0.0	1.0	1.0	1.0	1.0	0.0	1.0	0.0	0.0	1.0	0.0	0.0	0.0	1.0	1.0	0.0	1.0	0.0	1.0	1.0	0.0	1.0	0.0	0.0	1.0	0.0	0.0	0.0	0.0	0.0	0.0	1.0	1.0	0.0	1.0	1.0	0.0	0.0	0.0	0.0	0.0	1.0	1.0	0.0	1.0	1.0	0.0	0.0	0.0	1.0	1.0	0.0	0.0	1.0	0.0	1.0	1.0	1.0	0.0	1.0	0.0	1.0	0.0	0.0	0.0	0.0	0.0	0.0	1.0	1.0	0.0	0.0	1.0	0.0	1.0	1.0	0.0	0.0	0.0	0.0	0.0	1.0	0.0	0.0	1.0	0.0	1.0	0.0	0.0	1.0	1.0	1.0	0.0	1.0	0.0	0.0	0.0	1.0	1.0	1.0	1.0	0.0	0.0	0.0	0.0	0.0	0.0	0.0	0.0	1.0	0.0	1.0	1.0	0.0	0.0	0.0	0.0	0.0	1.0	1.0	1.0	1.0	0.0	0.0	0.0	1.0	1.0	1.0	0.0	0.0	1.0	0.0	0.0	1.0	0.0	1.0	1.0	1.0	1.0	0.0	1.0	1.0	0.0	1.0	1.0	1.0	0.0	1.0	0.0	1.0	1.0	1.0	0.0	0.0	1.0	1.0	0.0	0.0	0.0	0.0	1.0	1.0	0.0	0.0	1.0	0.0	1.0	1.0	0.0	0.0	0.0	0.0	1.0	1.0	1.0	0.0	0.0	0.0	0.0	1.0	1.0	1.0	0.0	1.0	1.0	0.0	1.0	1.0	0.0	1.0	1.0	0.0	1.0	0.0	0.0	1.0	1.0	0.0	0.0	1.0	0.0	0.0	1.0	0.0	1.0	0.0	1.0	1.0	0.0	1.0	1.0	0.0	0.0	1.0	1.0	0.0	0.0	1.0	1.0	0.0	0.0	0.0	0.0	1.0	0.0	0.0	0.0	0.0	0.0	1.0	0.0	1.0	0.0	1.0	1.0	1.0	1.0	0.0	1.0	0.0	1.0	1.0	0.0	1.0	0.0	0.0	1.0
days_to_rfs_event	1490.390850674708	341.0	831.0	1486.5747547802803	1114.9993695729022	1126.0	40.0	1596.0	1430.0	1768.0	937.0	1810.0	170.41678046245784	219.0	1216.016395440428	2782.0	148.0	2595.0	770.0	1540.8305249527368	128.0	1764.7259071945446	3268.0	1043.6261671094094	575.0	714.0	1666.0	2234.1415163886513	1895.0	1699.8260942992968	389.0	515.0	2497.0922769663057	405.0	79.0	1423.0	1756.0	221.0	1384.1274838877705	3131.0	82.0	236.0	1300.0	3292.398591778853	1444.0	826.0	3073.184892694199	180.21683664175544	1174.0	97.46108374874598	1819.0	143.0	3962.0	717.0	112.0	532.0	1248.0	1062.0	897.0	293.995461453914	935.0	275.282817606098	612.9162103207295	518.0	99.0	2466.0	1441.498027901672	2211.0	2611.6508965808575	1791.0	2551.0	393.0	428.0	650.0	948.0	1013.0	493.1835171280926	970.3384177810119	67.0	2053.0	778.0	61.0	1004.0	800.6891430522641	1170.0	3682.0	1646.4654915952672	1623.7533795135703	-24.0	118.0	468.0	1503.941452513881	392.0	987.0	733.0	184.0	2861.1427570740007	2149.0	866.9302889211124	1434.45359074802	57.0	1258.0	1471.5246640520922	603.9473922084962	672.0	2228.0	574.0	56.0	33.0	1275.0	2030.045203779402	2809.0	659.0	1428.0	2224.0	2375.0	749.0	996.7645756059602	280.5055161798567	711.0	542.9202796898188	1580.321907416456	1375.0	1180.0	1173.0	2176.0	3442.0	1916.4996049080478	478.0	2927.0	1018.2974692028374	226.0	444.3026791696956	1797.0	229.0	56.0	1704.6724478744904	143.0	1122.703719608542	1111.9752688804406	557.0033252316163	286.0	1736.0	4209.0	1080.0	1896.0	943.0	140.0	1013.0	1521.493673307897	964.0	16.0	274.0	586.0	942.9203100443249	290.17154192236194	2004.7087134055746	611.9018181032953	443.91617279382956	478.64027964006243	2275.0	-68.0	112.0	1077.3282295353633	494.54364553271284	1335.0	659.0	913.1801405751464	1453.0	588.8103063758692	1862.0	3002.0	550.6303338114897	960.3428953530808	1181.6720311084835	74.0	306.0	188.0	616.3612289244568	1774.0	411.0	572.0633591480222	464.0	220.44043049865752	2274.0	2337.0	270.0	761.0	473.0	1215.662305728344	2051.184608949752	2.0	3023.0	1069.0	43.0	174.0	301.0	247.0	2506.0	819.0	1272.0	635.0	876.0	319.0	3629.0	290.0	1892.6510394018287	919.0	20.0	1185.0	1157.0	2253.0	931.0	2372.0	103.0	814.0	1993.0	1127.800149042895	2703.873312734111	1139.0	1937.0	1504.0	301.02090057239764	1619.0	65.0	2261.0	961.0	1574.0	2207.0	1623.5587236815313	1216.7165797931914	284.0	2838.0	3148.0	102.0	38.0	1128.979710396274	992.0	1376.773732538884	921.4211422457288	1798.0	14.0	723.0	1714.0	1868.736393773284	1875.0	223.0	245.0	2479.70759421828	1343.0	1345.0	2265.7990068410772	1817.246388418839	1528.7904149663436	2043.0	327.0	989.0111953663495	682.0	2789.0	-7.0	389.0	2264.7549409083344	190.0	-349.63091461114686	25.0	114.0	132.0	1340.0	817.7738158109585	230.0	-30.161326690601527	370.0	1546.0	538.0	267.0	2080.0151169614087	1141.8564040822685	1996.0	716.0	1529.0	950.3591551356401	594.0	1723.5031320162907	1660.0	345.0	575.1160114405074	2535.0	0.0	1937.0	1358.0	546.0	161.0	426.0	962.1245962362162	367.0	1740.0	2107.198235055543	911.0	959.0	167.71547493358253	922.0	1876.0	863.5627897816414	-18.0	1612.0	1277.5053519083963	1443.0643138200003	1579.0	2254.0	1943.9459213761993	2757.0	1174.8443180541374	1810.0	3023.0	48.0	3007.0	201.0	1683.8063089458512	2191.0	364.96563751095925	323.0618630343246	301.0	1667.0	2341.0	1178.0	1595.0	1541.0	295.52054080539574	1434.344870244873	201.0	2589.0	2210.0	1448.0	3726.0	1334.2882270042346	878.0	1210.514414840237	1232.0	1360.0	1304.0	834.0	46.0	13.0	936.7242388007639	66.0	1301.0	44.0	51.0	299.0	433.95465669300097	117.0	3053.0	1751.0	652.0	1099.0	2463.0	337.0	143.0	2704.0	2106.0	2568.0	-105.64203215400357	318.0	1449.3044748432917	2696.0	761.0	1325.0	-49.0	231.0	1043.0	1624.0	2891.0	1113.5939825184628	2410.0	2760.0	349.0	9.0	134.0	363.0	2041.553119422123	2851.0	393.0	1164.0	3005.0	636.134645754811	237.0	392.0	2794.0	980.0	809.9866786031976	1221.6901064339927	1314.0	204.0	1808.2006430698607	176.79039527996497	366.24846464040627	188.35952854544405	295.6883593802072	-92.63945895196571	2119.4047298027726	716.0	2013.0	759.6720266698137	1749.0	1614.0	811.0	498.0	2150.0	2695.0	1281.378091247303	3034.0	878.3505548921449	1225.0337372462604	105.0	245.0	8.0	1552.4553276042884	2121.0	1502.4195524890392	1050.7361389126793	2248.0	2066.8629283880678	1472.0	1250.0	73.0	1420.6288499108032	628.9201925505812	351.17845636591346	2207.9704216019054	1092.0	92.0	3011.680631820541	2031.0	993.0	151.22761165704173	4072.0	403.0	2493.0	4500.0	665.5100030769622	2555.0	43.0	1476.0	1108.0	2737.734762285306	1843.0	2284.0	1028.0	1095.0	1347.0	1086.889695952236	2473.0	33.0	2115.896374025194	1600.190859895361	1567.0	301.0	42.0	979.9035466574946	2945.477450852161	953.0	81.0	976.0	573.0	3581.0	207.0	143.67016521410005	76.0	1290.0	279.0	43.0	231.0	1182.5916513391578	1071.0	1675.0	309.0	3728.0	3131.0	981.0	306.32401740823184	2561.0	35.0	2410.0	998.0	1473.3831363226273	522.0	110.0	105.0	1364.0	252.0	1520.0	2041.0	18.0	2381.0	398.0	2515.0	721.0	271.8089980433949	47.0	1172.0	4497.0	2177.0	189.0	52.0	1384.3874405954093	1304.0	906.0	948.0	19.0	735.0	1849.0	1345.0	1764.0	876.5862156260546	2876.0	2767.0	44.0	373.0	708.0	1045.0	821.5462738887561	1287.0	853.6676966716975	3001.0	914.0	499.0	1729.0	1762.0	2541.0	43.0	1137.0	1293.0	504.0	1634.2848990091943	139.0	1441.0	3956.0	2366.846859709065	30.0	1052.0	1112.0	1253.9724436657573	296.0	194.0	779.0	2679.0	2989.0	223.0	373.0	1253.0	1321.0	1015.0	2200.2399200461564	2318.4869326017542	1477.0	2312.0	222.0	1612.0	1513.122069886115	1887.870329570794	277.0	1302.268573843648	2422.0	1708.4599921688946	1489.2420539820532	426.0	1592.3268266207242	938.652219879217	2625.0	-28.0	2428.0	191.0	57.0	230.0	1920.0	87.0	2545.0	145.0	2422.09620062645	976.9041325012981	2897.0	778.0	264.8563717389453	1396.1734849794088	533.0	-0.23775371210081175	3487.0	1730.0	205.0	3151.0	2928.043769070033	2202.5708028515805	1050.0	1487.3718618407659	1687.0	1948.0	2604.0	73.0	1803.0	142.0	2451.0	855.0	703.0	2357.0	1805.0	250.0	815.0	2442.3513789523995	5.0	1828.0	237.0	506.0	1419.0	973.6182672487944	289.0	278.0	171.0	700.0	1645.0	873.6182206978317	391.0	1530.0	751.0	1727.733880678311	1388.0	1103.0	758.2717514738938	2995.0	57.0	1329.0	735.0	341.0	1806.0	1899.1802542054907	373.0	1329.952490430883	644.0	286.0	2024.0	895.9587567709239	1761.0	324.0	171.0	184.0	1375.3178502966298	2168.0	839.241751400795	1022.0	2332.0	670.1934629166499	700.0	83.0	1183.0	181.0	541.0	919.7882151474328	1234.0	191.0	1490.1550194456916	-40.0	206.0	470.0	1087.0	2618.0	2470.255643136214	525.0	335.0	161.0	1945.0	431.0	211.0	136.0	343.4480794896406	397.0	1832.0	1608.0	1166.6246521589	357.0	18.0	982.2044128790513	2239.0	2822.0	987.5101791537523	599.7570396967279	775.8101328460646	315.0	246.0	3234.0	593.0	94.0	553.0	1644.0	2410.0	2451.0	4003.0	69.0	1658.5858639943908	107.0	2371.0542933090574	2736.0	3790.0	1916.0	3004.0	187.0	1457.0	3489.0	2415.0	1283.0	978.0	1304.0	1986.923310821409	3761.0	24.0	570.0	2098.982480978868	204.0	1701.0	2884.0	972.4968377011405	4138.508302071041	147.0	2798.0	3743.0	54.0	1164.9640618018477	-4.0	152.0	1080.7098018706974	3069.823284659973	1160.0	202.0	3222.0	100.0	835.5438516496968	283.0	2617.4531053594633	3534.0	3464.0	3164.0	1790.0	805.4420805300006	3274.0	1509.1044607884637	1113.0	2660.791192528989	1581.0	292.0	625.0	3575.0	1131.0	1102.1480325753564	1323.0	340.0	1459.8483064371792	3040.0	1673.0	1984.5108876386244	211.0	4204.0	-81.11458690049699	463.74295243994845	1199.0	961.4330926919753
sex	0.0	0.0	0.0	0.0	0.0	0.0	0.0	0.0	0.0	0.0	0.0	1.0	0.0	0.0	0.0	1.0	0.0	0.0	0.0	0.0	0.0	0.0	1.0	0.0	1.0	0.0	0.0	0.0	0.0	0.0	0.0	0.0	0.0	0.0	0.0	0.0	0.0	0.0	0.0	0.0	0.0	1.0	1.0	0.0	0.0	0.0	1.0	0.0	0.0	0.0	0.0	0.0	0.0	0.0	0.0	1.0	0.0	0.0	0.0	0.0	0.0	1.0	1.0	1.0	0.0	1.0	0.0	0.0	0.0	0.0	0.0	0.0	0.0	0.0	0.0	0.0	0.0	0.0	1.0	0.0	0.0	0.0	0.0	0.0	0.0	0.0	0.0	0.0	0.0	0.0	1.0	0.0	0.0	0.0	0.0	0.0	0.0	0.0	1.0	0.0	0.0	0.0	0.0	1.0	0.0	0.0	0.0	0.0	0.0	1.0	0.0	0.0	0.0	1.0	0.0	0.0	0.0	0.0	0.0	0.0	0.0	0.0	0.0	0.0	1.0	0.0	0.0	1.0	0.0	0.0	0.0	0.0	0.0	0.0	0.0	0.0	0.0	0.0	0.0	0.0	1.0	0.0	0.0	0.0	0.0	0.0	0.0	0.0	0.0	0.0	0.0	1.0	0.0	0.0	0.0	0.0	1.0	0.0	0.0	0.0	1.0	1.0	0.0	0.0	0.0	0.0	0.0	0.0	1.0	0.0	0.0	0.0	0.0	1.0	0.0	0.0	0.0	1.0	0.0	1.0	0.0	0.0	1.0	0.0	0.0	0.0	0.0	0.0	0.0	0.0	0.0	1.0	1.0	0.0	0.0	0.0	0.0	0.0	0.0	0.0	0.0	0.0	0.0	0.0	0.0	0.0	0.0	0.0	0.0	0.0	0.0	0.0	0.0	0.0	0.0	0.0	0.0	1.0	0.0	0.0	0.0	0.0	0.0	0.0	1.0	1.0	1.0	0.0	0.0	0.0	0.0	0.0	1.0	0.0	0.0	0.0	0.0	0.0	0.0	0.0	0.0	1.0	1.0	0.0	0.0	0.0	0.0	0.0	0.0	0.0	0.0	0.0	0.0	0.0	0.0	0.0	1.0	0.0	1.0	0.0	0.0	0.0	0.0	0.0	0.0	1.0	1.0	0.0	0.0	0.0	0.0	0.0	0.0	0.0	0.0	0.0	0.0	0.0	0.0	0.0	1.0	0.0	0.0	0.0	0.0	0.0	0.0	0.0	1.0	0.0	0.0	0.0	0.0	0.0	0.0	0.0	0.0	0.0	0.0	0.0	0.0	1.0	0.0	0.0	0.0	0.0	0.0	0.0	0.0	0.0	1.0	0.0	0.0	0.0	0.0	0.0	0.0	0.0	1.0	0.0	0.0	0.0	0.0	1.0	0.0	1.0	0.0	0.0	0.0	0.0	0.0	0.0	1.0	0.0	0.0	0.0	1.0	0.0	0.0	1.0	0.0	0.0	1.0	1.0	0.0	0.0	0.0	0.0	0.0	0.0	0.0	0.0	0.0	0.0	0.0	0.0	0.0	1.0	0.0	0.0	0.0	0.0	0.0	0.0	1.0	0.0	0.0	0.0	0.0	1.0	0.0	1.0	0.0	0.0	0.0	0.0	0.0	1.0	1.0	0.0	0.0	0.0	0.0	1.0	0.0	0.0	0.0	0.0	0.0	0.0	1.0	0.0	0.0	0.0	0.0	0.0	0.0	0.0	0.0	0.0	1.0	0.0	0.0	0.0	1.0	0.0	0.0	0.0	0.0	1.0	0.0	0.0	1.0	0.0	0.0	0.0	0.0	0.0	0.0	0.0	0.0	1.0	0.0	0.0	0.0	1.0	0.0	0.0	0.0	0.0	0.0	1.0	0.0	0.0	0.0	0.0	0.0	0.0	1.0	0.0	0.0	0.0	1.0	0.0	0.0	0.0	0.0	0.0	1.0	0.0	0.0	0.0	0.0	0.0	1.0	0.0	0.0	0.0	0.0	0.0	0.0	0.0	1.0	0.0	0.0	1.0	0.0	0.0	0.0	0.0	1.0	0.0	0.0	0.0	1.0	0.0	0.0	0.0	0.0	0.0	0.0	0.0	0.0	1.0	1.0	0.0	0.0	0.0	1.0	0.0	0.0	1.0	1.0	1.0	0.0	0.0	0.0	0.0	1.0	0.0	0.0	1.0	1.0	0.0	0.0	0.0	0.0	0.0	1.0	0.0	0.0	1.0	0.0	0.0	0.0	0.0	0.0	0.0	0.0	1.0	0.0	0.0	0.0	0.0	0.0	0.0	0.0	0.0	0.0	0.0	0.0	1.0	0.0	0.0	0.0	0.0	0.0	0.0	1.0	0.0	1.0	0.0	0.0	1.0	0.0	0.0	1.0	0.0	0.0	0.0	1.0	0.0	0.0	1.0	0.0	0.0	0.0	0.0	1.0	0.0	0.0	0.0	0.0	0.0	1.0	0.0	0.0	0.0	0.0	0.0	0.0	1.0	0.0	0.0	0.0	0.0	0.0	0.0	0.0	0.0	1.0	0.0	0.0	0.0	0.0	0.0	0.0	0.0	0.0	1.0	0.0	0.0	0.0	0.0	0.0	0.0	0.0	0.0	0.0	1.0	0.0	0.0	0.0	0.0	0.0	0.0	0.0	1.0	0.0	0.0	0.0	0.0	0.0	0.0	0.0	0.0	0.0	0.0	0.0	0.0	0.0	0.0	0.0	1.0	0.0	0.0	0.0	0.0	0.0	1.0	0.0	0.0	0.0	0.0	0.0	0.0	0.0	0.0	0.0	0.0	0.0	0.0	0.0	0.0	0.0	0.0	1.0	1.0	0.0	0.0	0.0	0.0	1.0	0.0	0.0	0.0	0.0	0.0	0.0	1.0	0.0	0.0	0.0	0.0	0.0	1.0	0.0	0.0	1.0	1.0	0.0	0.0	0.0	0.0	0.0	0.0	0.0	0.0	0.0	0.0	1.0	0.0	0.0	0.0	0.0	0.0	0.0	0.0	0.0	0.0	0.0	1.0	1.0	1.0	1.0	0.0	0.0	0.0	1.0	0.0	0.0	0.0	0.0	0.0	0.0	0.0	0.0	1.0	0.0	0.0	0.0	0.0	0.0	0.0	0.0	0.0	0.0	0.0	0.0	1.0	0.0	0.0	0.0	0.0	0.0	0.0	0.0	0.0	0.0	0.0	0.0	1.0	0.0	0.0	0.0	0.0	1.0	0.0	0.0	0.0	0.0	0.0	0.0	0.0	0.0	0.0	0.0	0.0	0.0	0.0	1.0	0.0	0.0	0.0	0.0	0.0	0.0	0.0	0.0	0.0	0.0	0.0	0.0
primarily_metastasis	0.0	0.0	0.0	0.0	0.0	0.0	0.0	0.0	0.0	0.0	1.0	0.0	0.0	0.0	0.0	0.0	0.0	0.0	0.0	0.0	0.0	0.0	0.0	0.0	0.0	0.0	0.0	0.0	0.0	0.0	0.0	0.0	0.0	0.0	0.0	0.0	0.0	0.0	0.0	0.0	0.0	0.0	0.0	0.0	0.0	0.0	0.0	0.0	0.0	0.0	0.0	0.0	0.0	0.0	0.0	0.0	0.0	0.0	0.0	0.0	0.0	0.0	0.0	0.0	0.0	0.0	0.0	0.0	0.0	0.0	0.0	0.0	0.0	0.0	0.0	0.0	0.0	0.0	0.0	0.0	0.0	0.0	0.0	0.0	0.0	0.0	0.0	0.0	1.0	0.0	0.0	0.0	0.0	0.0	0.0	0.0	0.0	0.0	0.0	0.0	0.0	0.0	0.0	0.0	0.0	0.0	0.0	0.0	0.0	0.0	0.0	0.0	0.0	0.0	0.0	0.0	0.0	0.0	0.0	0.0	0.0	0.0	0.0	0.0	0.0	0.0	0.0	0.0	0.0	0.0	0.0	0.0	0.0	0.0	0.0	0.0	1.0	0.0	1.0	0.0	0.0	0.0	0.0	0.0	0.0	0.0	0.0	0.0	0.0	0.0	0.0	0.0	0.0	0.0	0.0	0.0	0.0	0.0	0.0	0.0	0.0	1.0	1.0	0.0	0.0	0.0	0.0	0.0	0.0	0.0	0.0	0.0	0.0	0.0	0.0	0.0	0.0	0.0	0.0	0.0	0.0	0.0	0.0	0.0	0.0	0.0	0.0	0.0	0.0	0.0	0.0	0.0	0.0	0.0	0.0	0.0	0.0	0.0	0.0	0.0	0.0	0.0	0.0	0.0	0.0	0.0	0.0	0.0	1.0	0.0	0.0	0.0	0.0	0.0	0.0	0.0	0.0	0.0	0.0	0.0	0.0	0.0	0.0	0.0	0.0	0.0	0.0	0.0	0.0	0.0	0.0	0.0	0.0	0.0	1.0	0.0	0.0	0.0	0.0	0.0	0.0	0.0	0.0	0.0	0.0	0.0	0.0	0.0	0.0	0.0	0.0	0.0	0.0	0.0	0.0	0.0	0.0	1.0	0.0	0.0	0.0	0.0	0.0	1.0	0.0	0.0	0.0	0.0	0.0	1.0	1.0	0.0	1.0	1.0	0.0	0.0	0.0	0.0	0.0	0.0	0.0	0.0	0.0	0.0	0.0	0.0	0.0	0.0	0.0	0.0	0.0	0.0	0.0	0.0	0.0	0.0	0.0	0.0	0.0	0.0	0.0	0.0	0.0	0.0	0.0	1.0	0.0	0.0	0.0	0.0	0.0	0.0	0.0	0.0	0.0	0.0	0.0	0.0	0.0	0.0	0.0	0.0	0.0	0.0	0.0	0.0	0.0	0.0	0.0	0.0	0.0	0.0	0.0	0.0	0.0	0.0	0.0	0.0	0.0	0.0	0.0	0.0	0.0	1.0	0.0	0.0	0.0	0.0	0.0	0.0	0.0	0.0	0.0	0.0	0.0	0.0	0.0	0.0	0.0	0.0	0.0	0.0	0.0	0.0	0.0	0.0	0.0	1.0	0.0	0.0	0.0	0.0	0.0	0.0	0.0	0.0	0.0	0.0	1.0	0.0	0.0	0.0	0.0	0.0	0.0	0.0	0.0	0.0	0.0	1.0	0.0	0.0	0.0	0.0	0.0	0.0	0.0	0.0	0.0	0.0	0.0	0.0	0.0	0.0	0.0	0.0	0.0	0.0	0.0	0.0	0.0	0.0	0.0	0.0	0.0	0.0	0.0	0.0	0.0	0.0	0.0	0.0	0.0	0.0	0.0	0.0	0.0	0.0	0.0	0.0	1.0	0.0	0.0	0.0	0.0	0.0	1.0	0.0	0.0	0.0	0.0	0.0	0.0	0.0	0.0	0.0	0.0	0.0	0.0	0.0	0.0	0.0	0.0	0.0	0.0	0.0	0.0	0.0	0.0	0.0	0.0	0.0	0.0	0.0	0.0	0.0	0.0	0.0	0.0	0.0	0.0	0.0	0.0	0.0	0.0	1.0	0.0	0.0	0.0	0.0	0.0	0.0	0.0	0.0	0.0	0.0	1.0	0.0	0.0	1.0	0.0	0.0	0.0	0.0	0.0	0.0	0.0	0.0	0.0	0.0	0.0	0.0	0.0	0.0	0.0	0.0	0.0	0.0	0.0	0.0	0.0	0.0	0.0	0.0	0.0	0.0	0.0	0.0	0.0	0.0	0.0	0.0	0.0	0.0	0.0	0.0	0.0	0.0	0.0	0.0	0.0	0.0	0.0	0.0	1.0	0.0	0.0	0.0	0.0	0.0	0.0	0.0	0.0	0.0	0.0	0.0	0.0	0.0	1.0	0.0	0.0	0.0	0.0	0.0	0.0	0.0	0.0	0.0	0.0	0.0	0.0	1.0	0.0	0.0	0.0	0.0	0.0	0.0	0.0	1.0	0.0	0.0	0.0	0.0	0.0	0.0	0.0	0.0	0.0	0.0	0.0	0.0	0.0	0.0	0.0	0.0	0.0	0.0	0.0	0.0	0.0	0.0	0.0	0.0	0.0	0.0	0.0	1.0	0.0	0.0	0.0	0.0	0.0	0.0	0.0	0.0	0.0	0.0	0.0	0.0	0.0	0.0	0.0	0.0	0.0	0.0	0.0	0.0	0.0	0.0	0.0	0.0	0.0	0.0	0.0	1.0	0.0	0.0	1.0	0.0	0.0	0.0	0.0	0.0	1.0	0.0	0.0	0.0	0.0	0.0	0.0	0.0	1.0	0.0	0.0	0.0	0.0	0.0	0.0	0.0	0.0	0.0	0.0	1.0	1.0	0.0	0.0	0.0	0.0	0.0	0.0	0.0	0.0	0.0	0.0	0.0	0.0	0.0	0.0	0.0	0.0	0.0	0.0	0.0	0.0	0.0	0.0	1.0	0.0	0.0	0.0	0.0	0.0	0.0	0.0	0.0	0.0	0.0	0.0	0.0	0.0	0.0	0.0	0.0	0.0	0.0	0.0	0.0	0.0	0.0	0.0	0.0	0.0	0.0	0.0	0.0	0.0	0.0	0.0	0.0	0.0	0.0	0.0	0.0	0.0	0.0	0.0	0.0	1.0	0.0	0.0	0.0	0.0	0.0	0.0	0.0	1.0	0.0	0.0	0.0	1.0	0.0	0.0	0.0	0.0	0.0	0.0	0.0	0.0	0.0	0.0	0.0	0.0	0.0	0.0	0.0	0.0	0.0	0.0	0.0	0.0	1.0	0.0	0.0	0.0	0.0	0.0	0.0	0.0	0.0	0.0	0.0	0.0
smoking_status	0.0	2.0	1.0	2.0	0.0	2.0	2.0	2.0	2.0	2.0	2.0	2.0	1.0	0.0	2.0	1.0	2.0	1.0	2.0	1.0	1.0	2.0	2.0	1.0	2.0	1.0	0.0	2.0	2.0	2.0	2.0	2.0	2.0	2.0	2.0	2.0	0.0	2.0	2.0	2.0	0.0	1.0	0.0	0.0	2.0	1.0	0.0	0.0	1.0	2.0	2.0	3.0	0.0	2.0	1.0	3.0	0.0	0.0	2.0	2.0	1.0	0.0	1.0	2.0	2.0	2.0	1.0	2.0	2.0	1.0	0.0	2.0	1.0	2.0	0.0	0.0	1.0	1.0	0.0	2.0	2.0	2.0	1.0	2.0	2.0	0.0	2.0	2.0	2.0	2.0	1.0	2.0	2.0	1.0	0.0	2.0	2.0	2.0	1.0	2.0	2.0	1.0	2.0	2.0	2.0	2.0	2.0	2.0	1.0	2.0	2.0	1.0	1.0	1.0	1.0	1.0	1.0	2.0	2.0	2.0	2.0	0.0	2.0	1.0	2.0	1.0	2.0	2.0	2.0	2.0	0.0	2.0	1.0	3.0	2.0	1.0	1.0	2.0	1.0	2.0	0.0	2.0	1.0	2.0	2.0	2.0	0.0	2.0	1.0	2.0	2.0	0.0	2.0	2.0	2.0	0.0	1.0	1.0	1.0	0.0	1.0	1.0	3.0	1.0	2.0	1.0	2.0	0.0	2.0	2.0	1.0	2.0	2.0	2.0	0.0	2.0	1.0	0.0	2.0	1.0	2.0	0.0	0.0	0.0	2.0	0.0	0.0	1.0	1.0	0.0	2.0	2.0	2.0	2.0	1.0	2.0	2.0	1.0	2.0	1.0	0.0	1.0	2.0	3.0	0.0	1.0	2.0	1.0	1.0	1.0	2.0	0.0	1.0	2.0	0.0	1.0	1.0	1.0	2.0	3.0	1.0	2.0	2.0	1.0	2.0	2.0	2.0	2.0	0.0	1.0	0.0	1.0	1.0	2.0	0.0	1.0	2.0	1.0	2.0	2.0	2.0	2.0	1.0	1.0	2.0	2.0	2.0	2.0	0.0	1.0	2.0	1.0	2.0	1.0	2.0	1.0	1.0	1.0	0.0	0.0	2.0	0.0	2.0	1.0	1.0	2.0	2.0	0.0	0.0	3.0	2.0	2.0	2.0	2.0	2.0	2.0	2.0	0.0	2.0	1.0	2.0	2.0	1.0	2.0	2.0	0.0	2.0	1.0	0.0	2.0	2.0	2.0	2.0	1.0	1.0	2.0	2.0	2.0	2.0	1.0	2.0	1.0	1.0	2.0	1.0	0.0	2.0	0.0	2.0	2.0	0.0	1.0	2.0	1.0	2.0	0.0	2.0	2.0	2.0	0.0	2.0	1.0	2.0	2.0	2.0	0.0	1.0	2.0	0.0	1.0	2.0	0.0	1.0	1.0	1.0	2.0	2.0	2.0	2.0	2.0	1.0	1.0	1.0	1.0	2.0	2.0	2.0	2.0	0.0	0.0	1.0	0.0	0.0	2.0	0.0	0.0	2.0	0.0	2.0	0.0	2.0	1.0	1.0	2.0	2.0	1.0	2.0	2.0	0.0	0.0	2.0	1.0	0.0	2.0	2.0	0.0	0.0	1.0	1.0	2.0	1.0	1.0	0.0	1.0	2.0	2.0	2.0	1.0	1.0	1.0	2.0	0.0	2.0	2.0	3.0	2.0	2.0	2.0	3.0	1.0	0.0	3.0	0.0	2.0	1.0	2.0	2.0	1.0	1.0	2.0	2.0	2.0	2.0	0.0	2.0	2.0	1.0	0.0	1.0	1.0	1.0	1.0	2.0	2.0	1.0	2.0	0.0	2.0	1.0	2.0	1.0	0.0	0.0	2.0	1.0	2.0	0.0	2.0	0.0	2.0	0.0	2.0	2.0	2.0	1.0	1.0	2.0	2.0	1.0	1.0	2.0	2.0	2.0	2.0	1.0	0.0	2.0	1.0	2.0	2.0	2.0	1.0	2.0	2.0	1.0	1.0	2.0	0.0	0.0	0.0	2.0	2.0	0.0	0.0	0.0	2.0	0.0	2.0	2.0	2.0	1.0	1.0	2.0	1.0	1.0	2.0	0.0	1.0	2.0	2.0	2.0	1.0	1.0	0.0	1.0	2.0	2.0	2.0	1.0	0.0	2.0	2.0	0.0	1.0	1.0	1.0	0.0	0.0	2.0	0.0	1.0	2.0	0.0	2.0	0.0	0.0	1.0	2.0	2.0	1.0	2.0	2.0	2.0	0.0	1.0	2.0	2.0	0.0	2.0	2.0	2.0	2.0	2.0	1.0	1.0	2.0	1.0	0.0	0.0	1.0	2.0	1.0	1.0	2.0	0.0	1.0	1.0	2.0	1.0	2.0	2.0	0.0	2.0	0.0	0.0	2.0	0.0	2.0	1.0	2.0	2.0	1.0	2.0	1.0	1.0	2.0	2.0	1.0	2.0	0.0	2.0	2.0	2.0	2.0	0.0	2.0	1.0	1.0	0.0	0.0	2.0	1.0	1.0	1.0	2.0	1.0	2.0	2.0	2.0	0.0	1.0	2.0	0.0	0.0	0.0	2.0	2.0	1.0	1.0	1.0	2.0	2.0	0.0	0.0	0.0	2.0	2.0	2.0	3.0	0.0	1.0	1.0	0.0	2.0	2.0	2.0	2.0	2.0	1.0	1.0	2.0	0.0	2.0	1.0	2.0	2.0	2.0	2.0	1.0	0.0	2.0	1.0	1.0	1.0	0.0	0.0	1.0	3.0	1.0	1.0	2.0	2.0	0.0	0.0	2.0	2.0	0.0	1.0	2.0	2.0	2.0	1.0	2.0	2.0	2.0	1.0	2.0	2.0	2.0	2.0	1.0	0.0	0.0	2.0	3.0	1.0	2.0	2.0	2.0	2.0	0.0	0.0	1.0	2.0	2.0	1.0	1.0	0.0	2.0	1.0	2.0	2.0	0.0	2.0	3.0	0.0	0.0	1.0	2.0	1.0	2.0	1.0	3.0	2.0	1.0	1.0	2.0	1.0	0.0	2.0	2.0	0.0	1.0	2.0	2.0	2.0	2.0	2.0	2.0	2.0	1.0	0.0	1.0	2.0	2.0	2.0	2.0	0.0	2.0	1.0	2.0	1.0	1.0	2.0	2.0	1.0	1.0	1.0	0.0	2.0	2.0	1.0	1.0	0.0	1.0	2.0	1.0	1.0	2.0	2.0	2.0	0.0	0.0	2.0	0.0	2.0	0.0	2.0	2.0	1.0	1.0	1.0	2.0	1.0	2.0	0.0	1.0	2.0	2.0	0.0	2.0	0.0	2.0
age_at_initial_diagnosis	56.66637688977784	62.0	68.05449453936943	55.0	65.0	67.0	63.0	76.0	55.0	55.0	52.0	55.0	68.31265798186185	52.0	48.0	36.0	77.0	47.0	56.0	59.41147310845503	54.0443550080622	60.20749865263862	63.0	71.0	61.327914003936215	66.0	71.0	72.0	58.24688342197323	69.0	45.0	52.0	55.0	46.0	53.5224517167159	61.0	61.0	65.0	60.364742007693295	51.0	58.53061571584683	56.567666560090636	71.0	62.795003967967304	65.33643267740062	63.0	70.0	60.336071678631235	22.0	71.0	59.22265441967645	62.73435213066148	62.0	59.96217134717463	38.0	53.0	66.0	66.0	59.24998461334083	60.922510418949	77.0	63.11765460553745	57.66983720436081	57.410827439682315	57.0	53.0	51.0	62.41376754142625	52.0	75.0	47.0	59.0	78.0	61.0	60.0	56.21724467924795	84.0	72.0	57.0	63.48665198061369	58.0	64.0	62.55438164262807	73.9550744673804	53.0	60.0	59.442944869179605	63.02768409323908	62.0	62.504531612307275	76.0	72.02597218612146	71.0	72.0	70.69246666298153	66.00320828816639	59.0	52.0	76.0	50.0	59.444508986825475	81.0	62.0	61.0	88.0	61.928477831475064	63.04776537953978	78.0	70.0	76.0	60.0	66.45203894944135	78.0	85.0	73.0	60.26115217211615	56.781746688372856	74.0	58.455079882340094	54.375059836823894	53.0	65.0	55.0	54.0	67.0	71.0	53.46032475336885	60.0	42.0	69.0	64.0	47.0	67.0	54.0	59.0	61.0	49.0	58.0	70.0	57.0	52.0	53.773480197176255	64.0	48.0	69.28072549346413	65.0	59.0	72.0	61.50979285078888	49.0	59.0	63.11484099765877	62.02637025014726	78.0	55.0	48.0	73.0	66.0	52.0	59.779774334678024	62.6970673541401	51.83383722112363	54.0	59.4004608483509	55.0	50.0	66.0	65.87582492359131	59.81531054642701	62.0	74.0	69.0	69.0	34.0	48.0	54.536686629702075	61.43085211130062	53.0	46.0	57.77136159289767	62.438177547739485	61.0	56.0	65.0	52.0	63.0	72.0	59.52937270386526	63.0	70.0	72.0	66.0	51.0	67.0	62.98057957418058	63.0	57.83715464957941	84.0	51.0	71.0	69.0	73.0	72.0	59.946579326551614	62.0	60.44076248466858	64.8454551712585	73.0	74.0	60.0	61.46199827098522	70.0	64.0	63.0	57.02897137902917	60.043459916691916	61.901075632779225	45.0	40.0	73.0	70.0	46.875989856943264	65.0	60.0	71.0	63.05866309301766	62.0	39.0	59.0	40.0	64.0	59.832221657135804	75.0	59.0	60.0	76.0	56.49957956441073	63.402366107709476	52.0	62.0	71.85001774489508	75.0	66.0	61.0	56.0	56.0	51.01087893902344	56.245962510585464	49.0	66.54751792180845	64.0	74.0	53.0	74.0	72.18581313396045	57.29922505256646	58.884010697967746	67.0	65.19324187840276	62.0	59.0	61.202021023253494	65.0	66.0	55.0	67.0	71.0	58.0	63.36387032381135	57.0	71.0	52.0	53.76048862548701	47.0	52.98091495324161	56.0	70.0	68.0	47.0	52.0	75.0	51.0	45.0	60.26899681213053	67.0	64.0	60.24706383902908	77.0	63.701132270469515	60.0	69.0	66.58380484989799	62.0	63.0	78.0	55.647600097834214	77.0	58.0	61.0	65.0	45.0	59.0	74.89142970040771	62.62502594435234	51.0	59.0	49.0	74.92056362762642	63.0	52.0	59.0	67.0	54.0	64.77351327573133	58.0	63.0	56.0	74.31886132387508	68.0	40.0	52.57624848030404	52.0	58.775106019191426	57.32483118421446	67.0	74.0	61.0	61.177195146544555	73.0	42.0	57.0	65.9138249400703	63.0	69.0	56.0	64.0	51.98998140960199	61.43429948371511	74.67760211586841	67.7513795132269	72.0	74.0	57.0	58.0	55.0	53.536768541760836	66.0	57.938787271148946	68.0	55.712648150474344	62.832056193792084	56.0	62.80287055523554	60.0	69.0	57.0	40.0	61.399460623408615	51.0	63.02731008798172	59.0	67.0	64.0	79.0	54.0	73.0	54.0	58.8094390403938	73.0	53.0	59.11034972043744	61.0	59.0	55.19076650573457	43.0	65.75816629700243	59.67530931477273	54.0	69.0	61.0	58.0	68.61930621522673	50.0	60.21653054889203	44.0	70.0	64.0	54.0	60.0	69.0	59.47149268446162	72.0	66.02768338462289	47.0	75.0	51.0	67.0	41.0	79.0	61.78361302823843	63.0	60.54774550098205	72.0	62.0	69.0	76.0	53.52380943998139	75.0	72.0	61.0	47.0	65.82994043132895	62.0	63.09452881422169	57.0	75.0	62.646782738128366	66.77719082233197	62.43506043639833	66.0	68.61509234248776	61.71285643474276	61.554530298390326	50.0	77.0	47.0	77.0	68.0	63.49211835005861	57.0	75.0	58.0	80.0	39.0	66.0	47.0	61.0	50.0	67.0	65.0	63.39537169829625	51.21831836945618	62.856254093425996	54.0	66.39005268903678	50.0	69.15602540615754	70.04555542148013	77.0	71.0	65.0	65.0	61.69385056388066	61.0	68.65526122868272	47.67482419864854	62.0	79.0	68.0	61.0	67.0	72.0	75.9865916545173	60.07266043729045	70.94875166106233	71.0	58.0	55.0	58.0	68.0	37.0	48.0	57.0	65.0	67.0	55.0	76.0	54.0	68.0	68.0	73.0	83.0	61.6191602257799	50.0	59.0	56.0	55.0	66.36911801533815	50.0	51.0	59.0	58.0	50.65592029022762	76.0	69.0	55.0	70.0	80.0	62.0	56.0	70.0	77.0	57.66357772730421	56.0	62.0	48.0	66.0	58.0	77.0	60.93059738069767	51.20206778089404	68.0	60.0	57.0	54.0	50.99708764548163	52.50934723762659	69.0	59.0	65.46699027630633	51.0	65.0	71.0	49.0	57.916031877322794	61.0	53.0	54.0	46.0	48.0	61.06748879170812	69.0	72.0	53.0	64.28732538193256	51.0	46.0	65.0	75.0	67.0	61.0	78.0	71.0	44.0	63.91335139188428	68.0	56.0	59.0	44.0	54.0	73.0	62.181261190301385	54.0	54.0	70.0	44.0	78.0	56.0	69.0	65.0	51.0	64.0	45.0	63.0	67.0	59.0	54.0	30.0	56.0	69.0	65.0	54.0	46.0	51.0	62.0	62.28424191442241	46.0	66.0	52.0	52.0	80.0	63.0	67.03974732336191	49.0	61.0	54.0	63.104409287516035	50.0	58.0	67.0	60.73689497696676	73.0	55.82115056314587	63.76436802110689	69.0	71.61388814267762	66.0	58.0	57.0	72.0	58.0	53.15944534064576	72.0	58.0	59.0	57.119351974262464	43.0	59.0	74.0	71.0	50.3517926839349	67.0	61.27691948445667	61.6604211381775	55.0	59.0	53.0	66.0	68.0	84.0	52.0	76.0	59.0	70.0	75.0	54.0	66.0	69.0	66.0	61.777222468953354	62.0	77.0	64.0	90.0	72.0	61.0	65.0	50.0	64.0	56.441474059522335	51.0	71.0	77.0	65.01083584648676	68.0	58.0	54.0	58.0	43.0	59.0	53.0	56.0	61.0	56.0	55.0	55.54525854990062	53.0	58.763777929084995	74.0	51.0	74.0	58.0	47.0	48.0	64.97397528332402	48.0	61.0	64.78670086946866	60.0	62.0	58.69970938539061	57.06509144786	47.0	56.0	50.0	66.0	67.0	65.0	58.0	74.0	59.0	62.922336974117464	64.78997101029213	60.0	46.0	64.0	64.0	80.88714886932212	47.0	60.83884906567572	77.0	62.0	71.0	57.0	60.0	54.0	65.0	64.0	57.0	44.0	56.0	62.0	59.0	51.61610603187236	47.0	61.72912491182002	44.0	54.66453629825961	52.0	53.0	61.0	78.0	72.0	64.0	57.0	56.70671053070033	56.0	42.0	55.0	56.0	58.0	62.0	56.0	54.0	49.792397470068565	63.0	64.0	62.0	49.0	50.0	60.32683158411357	50.0	74.0	48.0	52.0	61.278220084732695	72.0	55.0	55.0	77.0	54.0	53.420688614212516	56.0	48.0	58.0	53.0	62.0	63.772557954560256	44.0	76.0	60.0	57.0	60.0	74.0	57.0	62.04432671156334	70.0	50.0	47.0	72.0	58.0	64.0	58.7701784097314
perinodal_invasion	0.0	1.0	0.0	0.0	0.0	1.0	0.0	0.0	0.0	1.0	1.0	0.0	0.0	0.0	0.0	0.0	0.0	0.0	1.0	0.0	1.0	0.0	0.0	1.0	0.0	0.0	0.0	0.0	1.0	0.0	0.0	0.0	1.0	0.0	0.0	0.0	1.0	0.0	0.0	0.0	1.0	1.0	0.0	1.0	0.0	0.0	0.0	0.0	0.0	1.0	0.0	1.0	0.0	1.0	1.0	0.0	0.0	0.0	0.0	1.0	0.0	1.0	0.0	0.0	1.0	1.0	1.0	0.0	0.0	0.0	0.0	1.0	1.0	0.0	0.0	0.0	1.0	0.0	0.0	0.0	0.0	0.0	0.0	0.0	0.0	0.0	1.0	0.0	1.0	0.0	0.0	0.0	1.0	1.0	0.0	1.0	0.0	0.0	0.0	1.0	0.0	0.0	1.0	0.0	1.0	1.0	0.0	0.0	0.0	0.0	0.0	0.0	0.0	0.0	0.0	0.0	0.0	0.0	1.0	1.0	1.0	0.0	0.0	0.0	0.0	1.0	0.0	0.0	0.0	0.0	0.0	0.0	0.0	1.0	0.0	0.0	0.0	1.0	1.0	0.0	0.0	1.0	1.0	0.0	0.0	0.0	0.0	0.0	0.0	0.0	0.0	0.0	0.0	0.0	1.0	0.0	0.0	0.0	1.0	0.0	0.0	1.0	1.0	1.0	0.0	0.0	1.0	1.0	0.0	1.0	0.0	0.0	0.0	1.0	1.0	0.0	1.0	0.0	1.0	0.0	0.0	0.0	0.0	1.0	0.0	1.0	0.0	0.0	1.0	0.0	0.0	1.0	1.0	0.0	0.0	1.0	0.0	0.0	0.0	0.0	0.0	0.0	0.0	0.0	0.0	0.0	0.0	0.0	1.0	0.0	0.0	0.0	0.0	0.0	0.0	0.0	0.0	0.0	0.0	0.0	0.0	0.0	0.0	0.0	1.0	1.0	0.0	0.0	1.0	0.0	0.0	0.0	0.0	0.0	1.0	1.0	0.0	0.0	0.0	1.0	0.0	0.0	0.0	0.0	0.0	0.0	1.0	1.0	0.0	0.0	0.0	0.0	1.0	1.0	0.0	0.0	0.0	0.0	0.0	0.0	0.0	0.0	0.0	0.0	0.0	1.0	1.0	0.0	0.0	0.0	0.0	1.0	0.0	0.0	0.0	0.0	0.0	0.0	0.0	0.0	0.0	1.0	1.0	1.0	0.0	0.0	0.0	0.0	0.0	0.0	1.0	0.0	0.0	1.0	0.0	0.0	0.0	0.0	0.0	0.0	0.0	0.0	0.0	0.0	0.0	0.0	0.0	0.0	0.0	1.0	0.0	0.0	0.0	0.0	0.0	0.0	0.0	0.0	0.0	0.0	1.0	0.0	0.0	0.0	1.0	0.0	1.0	0.0	0.0	0.0	0.0	0.0	0.0	0.0	1.0	1.0	1.0	0.0	0.0	1.0	0.0	1.0	0.0	1.0	0.0	0.0	1.0	0.0	0.0	0.0	1.0	0.0	0.0	0.0	0.0	1.0	1.0	0.0	0.0	0.0	0.0	0.0	0.0	0.0	0.0	0.0	0.0	1.0	0.0	0.0	0.0	0.0	0.0	0.0	0.0	1.0	0.0	0.0	0.0	1.0	0.0	0.0	0.0	1.0	0.0	0.0	0.0	0.0	0.0	0.0	1.0	0.0	0.0	0.0	0.0	0.0	0.0	1.0	1.0	0.0	1.0	0.0	0.0	1.0	0.0	0.0	0.0	0.0	0.0	1.0	0.0	0.0	0.0	1.0	1.0	0.0	1.0	0.0	0.0	1.0	0.0	0.0	0.0	0.0	1.0	0.0	0.0	0.0	0.0	0.0	1.0	0.0	0.0	0.0	0.0	1.0	1.0	0.0	0.0	0.0	1.0	0.0	1.0	1.0	0.0	0.0	0.0	0.0	0.0	0.0	0.0	0.0	1.0	0.0	1.0	0.0	0.0	1.0	1.0	1.0	1.0	0.0	0.0	0.0	0.0	0.0	0.0	0.0	1.0	0.0	1.0	0.0	1.0	0.0	0.0	1.0	0.0	0.0	0.0	0.0	0.0	0.0	0.0	0.0	0.0	0.0	1.0	0.0	1.0	1.0	1.0	0.0	0.0	0.0	0.0	0.0	1.0	0.0	1.0	0.0	0.0	0.0	1.0	1.0	0.0	0.0	0.0	0.0	0.0	0.0	1.0	0.0	0.0	0.0	0.0	0.0	0.0	1.0	0.0	1.0	1.0	0.0	0.0	0.0	0.0	1.0	0.0	1.0	0.0	1.0	0.0	0.0	1.0	0.0	0.0	0.0	0.0	0.0	1.0	0.0	0.0	1.0	1.0	1.0	0.0	0.0	0.0	0.0	1.0	0.0	0.0	1.0	1.0	0.0	0.0	1.0	0.0	0.0	0.0	0.0	1.0	1.0	0.0	0.0	1.0	1.0	0.0	0.0	0.0	1.0	1.0	1.0	0.0	1.0	0.0	1.0	0.0	0.0	1.0	1.0	0.0	0.0	1.0	0.0	1.0	1.0	1.0	0.0	1.0	0.0	0.0	0.0	0.0	0.0	0.0	0.0	0.0	1.0	0.0	1.0	0.0	0.0	0.0	0.0	0.0	1.0	1.0	0.0	0.0	1.0	0.0	1.0	0.0	0.0	1.0	0.0	0.0	0.0	0.0	0.0	1.0	0.0	1.0	0.0	0.0	0.0	1.0	0.0	1.0	0.0	0.0	0.0	0.0	0.0	1.0	0.0	0.0	1.0	0.0	0.0	1.0	0.0	0.0	0.0	1.0	1.0	0.0	1.0	0.0	1.0	0.0	1.0	0.0	0.0	1.0	0.0	1.0	0.0	0.0	1.0	0.0	1.0	0.0	0.0	0.0	0.0	1.0	1.0	0.0	0.0	0.0	0.0	1.0	0.0	1.0	1.0	0.0	0.0	0.0	0.0	0.0	0.0	0.0	0.0	0.0	0.0	0.0	0.0	1.0	0.0	1.0	0.0	0.0	0.0	0.0	1.0	0.0	0.0	0.0	1.0	1.0	0.0	1.0	0.0	0.0	0.0	0.0	0.0	0.0	0.0	0.0	0.0	0.0	1.0	0.0	1.0	0.0	0.0	0.0	0.0	0.0	0.0	0.0	0.0	0.0	1.0	0.0	0.0	0.0	0.0	1.0	0.0	0.0	0.0	1.0	1.0	0.0	0.0	0.0	0.0	0.0	0.0	0.0	0.0	0.0	1.0	0.0	0.0	0.0	0.0	0.0	1.0	1.0	0.0	0.0	0.0	0.0	1.0	0.0	1.0	1.0	1.0	0.0
lymphovascular_invasion_L	1.0	1.0	0.0	0.0	0.0	0.0	0.0	0.0	0.0	0.0	0.0	0.0	0.0	1.0	0.0	0.0	0.0	0.0	0.0	0.0	0.0	0.0	0.0	1.0	0.0	0.0	0.0	0.0	0.0	0.0	0.0	0.0	1.0	0.0	0.0	0.0	0.0	0.0	0.0	0.0	0.0	1.0	0.0	0.0	1.0	0.0	0.0	0.0	0.0	0.0	0.0	0.0	1.0	1.0	0.0	0.0	0.0	0.0	0.0	0.0	0.0	1.0	0.0	0.0	0.0	0.0	1.0	0.0	1.0	0.0	0.0	0.0	0.0	0.0	0.0	0.0	0.0	0.0	0.0	1.0	0.0	0.0	0.0	0.0	0.0	0.0	0.0	1.0	0.0	0.0	0.0	0.0	1.0	0.0	1.0	0.0	0.0	0.0	0.0	1.0	0.0	0.0	0.0	0.0	0.0	0.0	0.0	0.0	1.0	0.0	1.0	0.0	1.0	0.0	0.0	0.0	0.0	0.0	0.0	1.0	0.0	0.0	0.0	0.0	0.0	0.0	0.0	0.0	0.0	0.0	0.0	0.0	0.0	0.0	0.0	0.0	0.0	1.0	1.0	0.0	0.0	1.0	0.0	0.0	0.0	0.0	0.0	0.0	0.0	1.0	0.0	0.0	0.0	0.0	0.0	1.0	0.0	0.0	0.0	0.0	0.0	1.0	1.0	0.0	0.0	0.0	1.0	0.0	0.0	0.0	1.0	0.0	0.0	0.0	1.0	0.0	1.0	1.0	1.0	0.0	0.0	0.0	0.0	0.0	0.0	0.0	1.0	0.0	1.0	0.0	0.0	1.0	0.0	0.0	0.0	1.0	0.0	0.0	0.0	0.0	0.0	0.0	0.0	0.0	0.0	0.0	1.0	0.0	0.0	0.0	1.0	0.0	0.0	0.0	0.0	0.0	0.0	0.0	0.0	0.0	0.0	0.0	0.0	1.0	0.0	0.0	0.0	0.0	1.0	0.0	0.0	1.0	0.0	0.0	0.0	0.0	0.0	0.0	0.0	0.0	0.0	0.0	0.0	0.0	0.0	0.0	0.0	1.0	0.0	0.0	0.0	0.0	1.0	0.0	0.0	0.0	0.0	0.0	0.0	0.0	0.0	0.0	0.0	0.0	0.0	0.0	1.0	0.0	0.0	0.0	0.0	0.0	0.0	0.0	0.0	0.0	0.0	0.0	0.0	0.0	0.0	0.0	1.0	0.0	0.0	0.0	0.0	1.0	0.0	0.0	1.0	0.0	0.0	1.0	0.0	0.0	0.0	0.0	0.0	0.0	0.0	0.0	0.0	0.0	0.0	0.0	0.0	0.0	0.0	1.0	0.0	0.0	0.0	0.0	0.0	0.0	0.0	0.0	0.0	0.0	0.0	0.0	0.0	0.0	0.0	0.0	0.0	1.0	0.0	0.0	0.0	0.0	0.0	0.0	1.0	1.0	0.0	0.0	0.0	0.0	0.0	1.0	0.0	0.0	0.0	0.0	0.0	0.0	0.0	0.0	0.0	0.0	0.0	0.0	0.0	1.0	0.0	0.0	0.0	0.0	0.0	0.0	0.0	0.0	0.0	0.0	0.0	0.0	0.0	0.0	0.0	0.0	0.0	0.0	0.0	1.0	0.0	0.0	0.0	0.0	0.0	0.0	0.0	0.0	0.0	0.0	0.0	0.0	0.0	0.0	0.0	0.0	0.0	0.0	0.0	0.0	0.0	1.0	1.0	0.0	0.0	0.0	0.0	1.0	0.0	0.0	0.0	0.0	0.0	0.0	0.0	0.0	0.0	0.0	0.0	0.0	0.0	0.0	0.0	0.0	0.0	0.0	0.0	0.0	0.0	0.0	0.0	0.0	0.0	0.0	0.0	0.0	0.0	0.0	0.0	0.0	0.0	0.0	0.0	0.0	0.0	0.0	0.0	0.0	0.0	0.0	1.0	0.0	0.0	0.0	0.0	0.0	1.0	0.0	0.0	0.0	0.0	0.0	0.0	0.0	0.0	0.0	0.0	0.0	0.0	1.0	0.0	0.0	0.0	0.0	0.0	0.0	0.0	0.0	0.0	0.0	0.0	1.0	0.0	1.0	0.0	0.0	0.0	0.0	0.0	0.0	0.0	0.0	0.0	0.0	0.0	0.0	0.0	0.0	0.0	0.0	1.0	0.0	0.0	0.0	0.0	0.0	0.0	1.0	0.0	0.0	0.0	0.0	0.0	1.0	1.0	0.0	0.0	0.0	0.0	0.0	0.0	1.0	0.0	0.0	1.0	0.0	0.0	0.0	0.0	0.0	0.0	0.0	0.0	0.0	0.0	1.0	0.0	0.0	0.0	0.0	0.0	0.0	1.0	0.0	0.0	0.0	1.0	0.0	0.0	0.0	0.0	0.0	0.0	0.0	0.0	0.0	0.0	0.0	0.0	1.0	0.0	0.0	0.0	0.0	0.0	0.0	0.0	0.0	0.0	0.0	0.0	0.0	0.0	0.0	0.0	0.0	0.0	0.0	0.0	1.0	0.0	0.0	1.0	0.0	0.0	0.0	1.0	0.0	0.0	1.0	1.0	0.0	1.0	0.0	0.0	0.0	0.0	0.0	0.0	0.0	0.0	0.0	0.0	0.0	1.0	0.0	0.0	0.0	0.0	0.0	0.0	0.0	0.0	0.0	0.0	1.0	0.0	0.0	1.0	0.0	0.0	0.0	0.0	0.0	0.0	0.0	0.0	0.0	0.0	0.0	1.0	0.0	0.0	0.0	0.0	0.0	0.0	0.0	0.0	0.0	0.0	0.0	0.0	0.0	0.0	0.0	0.0	0.0	0.0	1.0	1.0	0.0	0.0	1.0	0.0	0.0	0.0	1.0	1.0	0.0	1.0	0.0	0.0	1.0	0.0	0.0	0.0	0.0	0.0	0.0	1.0	1.0	0.0	0.0	0.0	0.0	0.0	0.0	0.0	0.0	0.0	1.0	1.0	0.0	1.0	0.0	0.0	0.0	0.0	0.0	0.0	0.0	1.0	0.0	1.0	0.0	0.0	0.0	1.0	0.0	0.0	0.0	0.0	1.0	1.0	0.0	0.0	0.0	0.0	0.0	0.0	0.0	0.0	0.0	0.0	1.0	0.0	1.0	0.0	1.0	0.0	1.0	0.0	0.0	0.0	0.0	0.0	0.0	0.0	0.0	1.0	0.0	0.0	0.0	1.0	0.0	1.0	0.0	1.0	1.0	0.0	1.0	0.0	0.0	0.0	0.0	0.0	0.0	0.0	0.0	0.0	0.0	0.0	0.0	0.0	0.0	0.0	0.0	0.0	0.0	0.0	0.0	1.0	0.0	0.0	0.0	0.0
vascular_invasion_V	0.0	0.0	0.0	0.0	0.0	0.0	0.0	0.0	0.0	1.0	0.0	0.0	0.0	1.0	0.0	0.0	0.0	0.0	0.0	0.0	1.0	0.0	0.0	0.0	0.0	0.0	0.0	0.0	0.0	0.0	0.0	0.0	0.0	0.0	0.0	0.0	0.0	0.0	0.0	0.0	0.0	0.0	0.0	0.0	0.0	0.0	0.0	0.0	0.0	0.0	0.0	0.0	0.0	0.0	0.0	0.0	0.0	0.0	0.0	0.0	0.0	0.0	0.0	0.0	1.0	0.0	1.0	0.0	0.0	0.0	0.0	0.0	0.0	0.0	0.0	0.0	0.0	0.0	0.0	1.0	1.0	0.0	0.0	0.0	0.0	0.0	0.0	0.0	0.0	0.0	0.0	0.0	0.0	0.0	1.0	0.0	0.0	0.0	0.0	0.0	0.0	0.0	0.0	0.0	0.0	0.0	0.0	0.0	0.0	0.0	0.0	0.0	0.0	0.0	0.0	0.0	0.0	0.0	0.0	1.0	0.0	0.0	0.0	0.0	0.0	0.0	0.0	0.0	0.0	0.0	0.0	0.0	0.0	0.0	0.0	0.0	0.0	0.0	0.0	0.0	0.0	0.0	0.0	0.0	0.0	0.0	0.0	0.0	0.0	0.0	0.0	0.0	0.0	0.0	0.0	0.0	0.0	0.0	0.0	0.0	0.0	1.0	0.0	0.0	0.0	0.0	0.0	0.0	0.0	0.0	0.0	0.0	0.0	0.0	0.0	0.0	0.0	0.0	1.0	0.0	0.0	0.0	0.0	0.0	0.0	0.0	0.0	0.0	1.0	0.0	0.0	0.0	0.0	0.0	0.0	0.0	0.0	0.0	0.0	0.0	0.0	0.0	0.0	0.0	0.0	0.0	0.0	0.0	0.0	0.0	0.0	0.0	0.0	0.0	0.0	0.0	0.0	0.0	0.0	0.0	0.0	0.0	0.0	1.0	0.0	0.0	0.0	0.0	1.0	0.0	0.0	0.0	0.0	0.0	0.0	1.0	0.0	0.0	0.0	0.0	0.0	0.0	0.0	0.0	0.0	0.0	0.0	1.0	0.0	0.0	0.0	0.0	1.0	0.0	0.0	0.0	0.0	0.0	0.0	0.0	0.0	0.0	0.0	1.0	0.0	0.0	0.0	0.0	0.0	0.0	0.0	1.0	0.0	0.0	0.0	0.0	0.0	0.0	0.0	0.0	0.0	0.0	0.0	0.0	0.0	0.0	0.0	0.0	0.0	0.0	0.0	0.0	0.0	0.0	0.0	0.0	0.0	0.0	0.0	0.0	0.0	0.0	0.0	0.0	0.0	0.0	0.0	0.0	0.0	0.0	0.0	0.0	0.0	0.0	0.0	0.0	0.0	0.0	0.0	0.0	0.0	0.0	0.0	0.0	0.0	0.0	0.0	0.0	0.0	0.0	0.0	0.0	0.0	0.0	0.0	1.0	0.0	0.0	0.0	0.0	0.0	1.0	0.0	0.0	0.0	0.0	0.0	0.0	0.0	0.0	0.0	0.0	0.0	0.0	0.0	0.0	0.0	0.0	0.0	0.0	0.0	0.0	0.0	0.0	0.0	0.0	0.0	0.0	0.0	0.0	0.0	0.0	0.0	0.0	0.0	0.0	0.0	1.0	0.0	0.0	0.0	0.0	0.0	0.0	0.0	0.0	0.0	0.0	0.0	0.0	1.0	0.0	1.0	0.0	0.0	0.0	0.0	1.0	1.0	0.0	0.0	0.0	0.0	0.0	0.0	0.0	0.0	0.0	0.0	0.0	0.0	0.0	0.0	0.0	0.0	0.0	0.0	0.0	0.0	0.0	0.0	0.0	0.0	0.0	0.0	0.0	0.0	0.0	0.0	0.0	0.0	0.0	0.0	0.0	0.0	0.0	0.0	0.0	0.0	0.0	0.0	1.0	0.0	0.0	0.0	0.0	0.0	0.0	0.0	0.0	0.0	0.0	1.0	0.0	0.0	0.0	0.0	0.0	0.0	0.0	0.0	0.0	0.0	0.0	0.0	0.0	0.0	0.0	0.0	0.0	0.0	0.0	0.0	0.0	0.0	0.0	0.0	0.0	0.0	0.0	0.0	0.0	0.0	0.0	0.0	0.0	0.0	0.0	0.0	1.0	0.0	0.0	0.0	0.0	0.0	0.0	0.0	0.0	0.0	0.0	0.0	0.0	0.0	0.0	0.0	0.0	0.0	0.0	0.0	0.0	0.0	0.0	0.0	0.0	0.0	0.0	0.0	0.0	0.0	0.0	0.0	0.0	0.0	0.0	0.0	1.0	0.0	0.0	0.0	0.0	0.0	0.0	0.0	0.0	0.0	0.0	0.0	0.0	0.0	0.0	0.0	0.0	1.0	0.0	0.0	0.0	0.0	0.0	0.0	0.0	0.0	0.0	0.0	0.0	0.0	0.0	0.0	0.0	0.0	0.0	0.0	0.0	0.0	0.0	0.0	0.0	0.0	0.0	0.0	0.0	0.0	0.0	0.0	0.0	0.0	1.0	0.0	0.0	0.0	1.0	0.0	0.0	0.0	0.0	0.0	1.0	0.0	0.0	0.0	0.0	0.0	0.0	0.0	0.0	0.0	0.0	0.0	0.0	0.0	0.0	0.0	0.0	0.0	0.0	0.0	0.0	0.0	0.0	0.0	0.0	0.0	0.0	0.0	0.0	1.0	0.0	0.0	0.0	0.0	0.0	0.0	0.0	0.0	0.0	0.0	0.0	0.0	0.0	1.0	0.0	0.0	0.0	0.0	0.0	0.0	0.0	0.0	0.0	0.0	0.0	0.0	0.0	0.0	0.0	0.0	0.0	0.0	0.0	0.0	0.0	0.0	0.0	0.0	0.0	0.0	0.0	0.0	0.0	0.0	0.0	0.0	0.0	0.0	0.0	0.0	0.0	0.0	0.0	0.0	0.0	0.0	0.0	0.0	0.0	0.0	0.0	0.0	0.0	0.0	0.0	0.0	0.0	0.0	0.0	0.0	0.0	0.0	0.0	0.0	0.0	1.0	0.0	0.0	0.0	0.0	0.0	0.0	0.0	0.0	0.0	0.0	0.0	0.0	0.0	0.0	0.0	0.0	0.0	0.0	0.0	0.0	0.0	0.0	0.0	0.0	0.0	0.0	0.0	0.0	0.0	0.0	0.0	0.0	0.0	0.0	0.0	0.0	0.0	0.0	0.0	0.0	0.0	0.0	0.0	0.0	0.0	0.0	0.0	0.0	0.0	0.0	0.0	0.0	0.0	0.0	0.0	0.0	0.0	0.0	0.0	0.0	0.0	1.0	0.0	0.0	0.0	0.0	0.0	0.0	0.0	0.0	0.0	0.0
perineural_invasion_Pn	0.0	0.0	0.0	0.0	0.0	1.0	0.0	0.0	0.0	0.0	0.0	0.0	0.0	0.0	0.0	1.0	1.0	0.0	1.0	0.0	0.0	0.0	0.0	0.0	0.0	0.0	0.0	1.0	1.0	0.0	0.0	1.0	0.0	0.0	0.0	0.0	0.0	0.0	0.0	0.0	0.0	0.0	0.0	0.0	1.0	1.0	0.0	0.0	0.0	0.0	0.0	0.0	0.0	0.0	0.0	0.0	0.0	0.0	1.0	0.0	0.0	0.0	0.0	0.0	1.0	0.0	0.0	0.0	1.0	0.0	0.0	1.0	0.0	0.0	0.0	0.0	0.0	0.0	0.0	0.0	1.0	1.0	0.0	0.0	0.0	0.0	0.0	0.0	0.0	0.0	0.0	0.0	1.0	1.0	0.0	0.0	0.0	0.0	0.0	0.0	0.0	0.0	1.0	0.0	0.0	1.0	1.0	0.0	0.0	0.0	0.0	0.0	1.0	0.0	0.0	0.0	0.0	0.0	0.0	0.0	1.0	0.0	0.0	0.0	0.0	0.0	0.0	0.0	0.0	1.0	0.0	0.0	0.0	1.0	0.0	0.0	1.0	0.0	0.0	0.0	0.0	0.0	0.0	0.0	0.0	0.0	0.0	0.0	0.0	0.0	0.0	1.0	0.0	0.0	0.0	0.0	0.0	1.0	1.0	0.0	0.0	0.0	0.0	1.0	0.0	0.0	1.0	1.0	1.0	0.0	0.0	0.0	1.0	1.0	0.0	0.0	0.0	0.0	0.0	0.0	0.0	0.0	0.0	0.0	0.0	0.0	0.0	0.0	0.0	0.0	0.0	0.0	1.0	0.0	0.0	1.0	0.0	0.0	0.0	0.0	0.0	1.0	0.0	0.0	0.0	0.0	1.0	0.0	0.0	0.0	0.0	0.0	0.0	0.0	0.0	0.0	0.0	0.0	0.0	0.0	0.0	0.0	1.0	0.0	0.0	0.0	0.0	0.0	1.0	0.0	0.0	1.0	0.0	0.0	0.0	1.0	0.0	0.0	0.0	0.0	1.0	0.0	0.0	0.0	0.0	0.0	1.0	0.0	0.0	0.0	0.0	0.0	0.0	1.0	0.0	0.0	0.0	0.0	0.0	0.0	0.0	0.0	0.0	0.0	1.0	0.0	1.0	0.0	0.0	0.0	1.0	0.0	0.0	0.0	0.0	1.0	0.0	0.0	1.0	0.0	0.0	0.0	0.0	0.0	0.0	0.0	0.0	0.0	0.0	0.0	0.0	0.0	0.0	1.0	0.0	0.0	0.0	0.0	0.0	0.0	0.0	1.0	0.0	0.0	0.0	0.0	0.0	0.0	0.0	0.0	0.0	0.0	0.0	0.0	0.0	0.0	0.0	0.0	0.0	1.0	0.0	0.0	0.0	0.0	1.0	0.0	0.0	0.0	0.0	1.0	0.0	0.0	0.0	0.0	0.0	0.0	0.0	1.0	0.0	0.0	0.0	0.0	0.0	0.0	0.0	0.0	0.0	1.0	0.0	0.0	0.0	0.0	0.0	0.0	0.0	0.0	1.0	0.0	0.0	0.0	0.0	0.0	0.0	0.0	1.0	0.0	0.0	0.0	0.0	0.0	0.0	0.0	0.0	0.0	1.0	1.0	0.0	0.0	1.0	0.0	0.0	0.0	0.0	0.0	1.0	0.0	0.0	0.0	0.0	0.0	0.0	0.0	0.0	1.0	0.0	0.0	0.0	0.0	0.0	0.0	0.0	0.0	0.0	1.0	0.0	0.0	0.0	0.0	0.0	0.0	0.0	0.0	0.0	0.0	1.0	0.0	0.0	1.0	0.0	0.0	0.0	0.0	0.0	0.0	0.0	0.0	0.0	0.0	0.0	0.0	0.0	0.0	0.0	0.0	0.0	0.0	0.0	0.0	0.0	0.0	0.0	1.0	0.0	0.0	0.0	1.0	1.0	0.0	0.0	1.0	0.0	0.0	0.0	0.0	0.0	1.0	0.0	1.0	0.0	1.0	0.0	0.0	0.0	0.0	0.0	1.0	0.0	0.0	0.0	0.0	1.0	0.0	0.0	0.0	1.0	1.0	0.0	0.0	0.0	0.0	0.0	0.0	0.0	0.0	0.0	0.0	1.0	0.0	0.0	1.0	0.0	0.0	1.0	0.0	0.0	0.0	0.0	0.0	0.0	0.0	0.0	0.0	0.0	1.0	0.0	0.0	0.0	0.0	0.0	0.0	0.0	0.0	0.0	0.0	0.0	0.0	0.0	1.0	1.0	0.0	1.0	0.0	0.0	0.0	0.0	1.0	0.0	0.0	0.0	1.0	0.0	0.0	1.0	0.0	0.0	0.0	0.0	0.0	0.0	0.0	0.0	0.0	0.0	0.0	0.0	0.0	0.0	0.0	0.0	0.0	0.0	0.0	0.0	0.0	0.0	0.0	0.0	1.0	0.0	0.0	0.0	0.0	0.0	0.0	1.0	0.0	1.0	0.0	0.0	0.0	0.0	1.0	0.0	0.0	0.0	0.0	0.0	0.0	0.0	0.0	0.0	0.0	0.0	0.0	0.0	1.0	0.0	0.0	0.0	0.0	0.0	0.0	0.0	0.0	0.0	0.0	0.0	0.0	0.0	0.0	0.0	0.0	0.0	0.0	0.0	1.0	0.0	0.0	0.0	1.0	0.0	0.0	0.0	0.0	0.0	0.0	0.0	0.0	0.0	0.0	1.0	0.0	1.0	0.0	0.0	0.0	0.0	0.0	1.0	0.0	0.0	0.0	0.0	0.0	1.0	0.0	0.0	0.0	0.0	0.0	0.0	0.0	0.0	0.0	0.0	0.0	1.0	0.0	0.0	0.0	0.0	1.0	0.0	0.0	1.0	0.0	0.0	0.0	0.0	0.0	0.0	0.0	0.0	0.0	0.0	0.0	0.0	0.0	0.0	0.0	0.0	0.0	0.0	0.0	1.0	0.0	0.0	0.0	0.0	0.0	0.0	0.0	0.0	0.0	0.0	0.0	0.0	0.0	1.0	0.0	1.0	0.0	0.0	0.0	0.0	0.0	0.0	0.0	0.0	0.0	0.0	0.0	0.0	0.0	0.0	0.0	0.0	0.0	0.0	0.0	0.0	0.0	0.0	1.0	0.0	1.0	0.0	0.0	0.0	0.0	1.0	0.0	0.0	0.0	1.0	0.0	0.0	0.0	0.0	0.0	0.0	0.0	0.0	0.0	1.0	0.0	0.0	0.0	0.0	0.0	0.0	0.0	0.0	0.0	0.0	0.0	0.0	0.0	1.0	0.0	0.0	0.0	1.0	0.0	0.0	0.0	0.0	1.0	0.0	0.0	1.0	0.0	0.0
carcinoma_in_situ	0.0	0.0	0.0	1.0	1.0	0.0	1.0	0.0	0.0	1.0	0.0	0.0	1.0	1.0	1.0	0.0	1.0	0.0	1.0	1.0	1.0	0.0	0.0	1.0	0.0	1.0	1.0	0.0	1.0	0.0	1.0	0.0	1.0	1.0	0.0	1.0	1.0	0.0	1.0	0.0	0.0	0.0	0.0	0.0	1.0	0.0	0.0	0.0	1.0	1.0	0.0	0.0	0.0	0.0	1.0	0.0	1.0	0.0	0.0	1.0	0.0	0.0	0.0	0.0	1.0	1.0	1.0	0.0	0.0	0.0	0.0	0.0	0.0	0.0	1.0	0.0	1.0	1.0	0.0	0.0	0.0	0.0	1.0	1.0	0.0	0.0	1.0	1.0	1.0	0.0	0.0	1.0	0.0	0.0	0.0	1.0	0.0	0.0	0.0	1.0	1.0	0.0	1.0	0.0	1.0	0.0	0.0	0.0	1.0	0.0	0.0	1.0	1.0	0.0	1.0	0.0	0.0	0.0	0.0	0.0	0.0	0.0	0.0	0.0	1.0	0.0	0.0	0.0	0.0	0.0	0.0	0.0	1.0	1.0	1.0	0.0	0.0	0.0	0.0	0.0	0.0	1.0	0.0	1.0	0.0	1.0	0.0	1.0	1.0	0.0	0.0	0.0	1.0	0.0	1.0	0.0	0.0	0.0	0.0	1.0	0.0	0.0	0.0	0.0	1.0	0.0	0.0	1.0	0.0	1.0	0.0	0.0	0.0	1.0	0.0	0.0	1.0	1.0	0.0	0.0	0.0	1.0	0.0	0.0	0.0	0.0	0.0	0.0	0.0	0.0	0.0	0.0	1.0	0.0	0.0	1.0	1.0	1.0	1.0	0.0	1.0	0.0	1.0	0.0	0.0	0.0	0.0	1.0	0.0	0.0	0.0	1.0	1.0	1.0	1.0	0.0	0.0	0.0	0.0	0.0	0.0	0.0	0.0	0.0	1.0	0.0	0.0	0.0	1.0	0.0	0.0	0.0	0.0	0.0	1.0	1.0	0.0	1.0	0.0	1.0	0.0	0.0	0.0	0.0	1.0	1.0	1.0	1.0	0.0	0.0	0.0	0.0	0.0	1.0	0.0	0.0	0.0	0.0	1.0	0.0	0.0	0.0	0.0	0.0	0.0	0.0	0.0	0.0	0.0	0.0	0.0	0.0	0.0	0.0	1.0	1.0	0.0	0.0	0.0	0.0	1.0	1.0	0.0	1.0	0.0	0.0	0.0	0.0	0.0	1.0	0.0	0.0	0.0	0.0	0.0	1.0	0.0	0.0	0.0	0.0	1.0	0.0	1.0	1.0	0.0	1.0	1.0	0.0	1.0	1.0	0.0	0.0	1.0	1.0	0.0	0.0	0.0	0.0	0.0	0.0	1.0	0.0	0.0	0.0	1.0	0.0	0.0	1.0	1.0	0.0	0.0	0.0	0.0	0.0	0.0	1.0	1.0	0.0	0.0	1.0	1.0	1.0	0.0	1.0	0.0	1.0	0.0	0.0	1.0	0.0	0.0	1.0	1.0	1.0	0.0	0.0	0.0	1.0	0.0	0.0	1.0	0.0	0.0	0.0	0.0	1.0	0.0	0.0	0.0	0.0	0.0	0.0	1.0	1.0	0.0	0.0	1.0	0.0	0.0	1.0	0.0	0.0	1.0	0.0	0.0	0.0	0.0	0.0	1.0	1.0	1.0	1.0	0.0	1.0	0.0	0.0	0.0	1.0	0.0	0.0	0.0	0.0	1.0	0.0	0.0	0.0	1.0	0.0	0.0	0.0	0.0	1.0	0.0	1.0	1.0	1.0	1.0	0.0	0.0	0.0	0.0	0.0	0.0	0.0	0.0	0.0	1.0	0.0	0.0	0.0	0.0	0.0	0.0	0.0	1.0	1.0	0.0	1.0	0.0	0.0	0.0	0.0	0.0	0.0	1.0	0.0	0.0	0.0	0.0	1.0	1.0	1.0	1.0	0.0	0.0	1.0	0.0	0.0	0.0	0.0	1.0	0.0	1.0	1.0	0.0	1.0	0.0	1.0	1.0	0.0	1.0	1.0	0.0	0.0	0.0	0.0	0.0	1.0	0.0	0.0	0.0	0.0	0.0	0.0	0.0	0.0	0.0	0.0	1.0	0.0	0.0	1.0	0.0	1.0	0.0	0.0	0.0	0.0	0.0	0.0	0.0	0.0	1.0	0.0	0.0	0.0	0.0	0.0	1.0	0.0	1.0	0.0	0.0	1.0	1.0	0.0	1.0	0.0	0.0	0.0	0.0	1.0	0.0	0.0	0.0	1.0	0.0	0.0	0.0	0.0	1.0	1.0	1.0	0.0	0.0	0.0	0.0	0.0	0.0	1.0	1.0	0.0	0.0	0.0	0.0	0.0	0.0	1.0	0.0	1.0	0.0	1.0	1.0	0.0	0.0	0.0	0.0	1.0	0.0	0.0	0.0	1.0	0.0	0.0	0.0	1.0	0.0	0.0	0.0	0.0	1.0	0.0	0.0	0.0	0.0	1.0	0.0	0.0	0.0	0.0	0.0	1.0	0.0	0.0	1.0	0.0	0.0	0.0	0.0	0.0	1.0	0.0	0.0	0.0	0.0	1.0	0.0	0.0	0.0	0.0	1.0	0.0	0.0	0.0	1.0	1.0	0.0	0.0	0.0	0.0	1.0	0.0	0.0	0.0	0.0	0.0	1.0	1.0	0.0	0.0	1.0	0.0	0.0	0.0	1.0	0.0	1.0	0.0	0.0	0.0	1.0	0.0	0.0	1.0	0.0	0.0	0.0	0.0	0.0	1.0	1.0	0.0	0.0	0.0	1.0	1.0	1.0	1.0	0.0	0.0	1.0	1.0	0.0	0.0	1.0	0.0	0.0	0.0	0.0	0.0	0.0	0.0	0.0	0.0	0.0	0.0	0.0	0.0	0.0	0.0	0.0	0.0	0.0	1.0	0.0	0.0	1.0	0.0	1.0	0.0	1.0	0.0	0.0	0.0	0.0	1.0	1.0	1.0	0.0	0.0	0.0	0.0	0.0	1.0	0.0	0.0	1.0	0.0	0.0	0.0	0.0	1.0	0.0	0.0	0.0	0.0	0.0	0.0	0.0	0.0	0.0	0.0	0.0	0.0	1.0	1.0	0.0	0.0	0.0	0.0	0.0	0.0	0.0	1.0	0.0	0.0	0.0	0.0	0.0	0.0	1.0	0.0	0.0	1.0	1.0	1.0	0.0	0.0	1.0	0.0	1.0	0.0	0.0	0.0	0.0	1.0	0.0	0.0	0.0	0.0	1.0	0.0	1.0	1.0	1.0	0.0	1.0	1.0	0.0	1.0	0.0	1.0	0.0
primary_tumor_site	1.0	2.0	4.0	3.0	4.0	1.0	4.0	2.0	2.0	1.0	2.0	4.0	4.0	4.0	3.0	3.0	1.0	4.0	1.0	2.0	4.0	1.0	4.0	1.0	1.0	1.0	2.0	1.0	1.0	2.0	1.0	1.0	4.0	4.0	1.0	2.0	4.0	3.0	4.0	4.0	3.0	4.0	4.0	3.0	4.0	4.0	4.0	4.0	2.0	1.0	2.0	3.0	4.0	1.0	1.0	4.0	2.0	4.0	4.0	3.0	2.0	1.0	4.0	4.0	4.0	4.0	4.0	4.0	4.0	2.0	4.0	4.0	1.0	2.0	3.0	2.0	4.0	2.0	4.0	4.0	1.0	4.0	4.0	4.0	3.0	4.0	4.0	4.0	4.0	2.0	3.0	2.0	4.0	2.0	4.0	4.0	4.0	4.0	2.0	4.0	4.0	3.0	4.0	4.0	4.0	1.0	4.0	2.0	4.0	4.0	4.0	2.0	2.0	4.0	3.0	2.0	3.0	3.0	1.0	4.0	2.0	4.0	4.0	2.0	2.0	4.0	4.0	4.0	1.0	2.0	2.0	4.0	4.0	1.0	4.0	4.0	2.0	4.0	2.0	3.0	3.0	4.0	4.0	3.0	2.0	4.0	2.0	2.0	2.0	4.0	2.0	3.0	2.0	2.0	4.0	2.0	3.0	3.0	4.0	2.0	3.0	3.0	2.0	3.0	2.0	4.0	3.0	2.0	3.0	1.0	2.0	2.0	3.0	4.0	1.0	2.0	1.0	4.0	4.0	4.0	3.0	2.0	4.0	4.0	3.0	1.0	1.0	2.0	1.0	4.0	3.0	4.0	4.0	3.0	4.0	1.0	4.0	3.0	4.0	2.0	2.0	4.0	2.0	3.0	3.0	4.0	3.0	4.0	2.0	4.0	4.0	4.0	1.0	2.0	2.0	3.0	1.0	3.0	4.0	3.0	2.0	4.0	4.0	4.0	2.0	3.0	2.0	4.0	4.0	3.0	4.0	2.0	3.0	2.0	2.0	1.0	2.0	2.0	4.0	1.0	3.0	2.0	3.0	3.0	2.0	4.0	2.0	4.0	2.0	2.0	2.0	2.0	4.0	1.0	4.0	4.0	1.0	3.0	3.0	2.0	4.0	4.0	2.0	4.0	4.0	3.0	4.0	4.0	2.0	2.0	4.0	4.0	2.0	2.0	4.0	4.0	2.0	2.0	4.0	3.0	2.0	2.0	1.0	2.0	4.0	2.0	3.0	3.0	4.0	3.0	1.0	3.0	4.0	4.0	3.0	4.0	2.0	4.0	2.0	4.0	3.0	3.0	2.0	1.0	4.0	3.0	1.0	3.0	4.0	2.0	4.0	4.0	4.0	4.0	4.0	4.0	2.0	2.0	3.0	3.0	2.0	3.0	4.0	4.0	4.0	4.0	4.0	1.0	2.0	3.0	3.0	4.0	3.0	4.0	4.0	4.0	3.0	2.0	4.0	1.0	2.0	4.0	3.0	2.0	4.0	1.0	1.0	4.0	2.0	4.0	3.0	4.0	4.0	4.0	2.0	1.0	4.0	2.0	2.0	4.0	4.0	4.0	2.0	2.0	3.0	4.0	4.0	4.0	2.0	2.0	2.0	4.0	3.0	2.0	4.0	4.0	2.0	4.0	3.0	4.0	4.0	3.0	4.0	4.0	1.0	2.0	4.0	4.0	2.0	2.0	4.0	2.0	4.0	3.0	3.0	4.0	3.0	4.0	4.0	1.0	4.0	3.0	2.0	1.0	4.0	4.0	2.0	2.0	4.0	3.0	3.0	4.0	3.0	2.0	1.0	2.0	1.0	1.0	4.0	1.0	4.0	3.0	4.0	4.0	1.0	3.0	2.0	2.0	4.0	4.0	2.0	4.0	2.0	2.0	2.0	1.0	0.0	2.0	3.0	4.0	4.0	4.0	4.0	4.0	4.0	3.0	3.0	2.0	4.0	3.0	2.0	1.0	1.0	2.0	4.0	4.0	3.0	3.0	1.0	4.0	4.0	4.0	4.0	4.0	3.0	3.0	1.0	2.0	2.0	2.0	4.0	4.0	1.0	2.0	3.0	4.0	3.0	3.0	2.0	4.0	4.0	2.0	4.0	2.0	4.0	4.0	2.0	2.0	4.0	2.0	4.0	4.0	3.0	3.0	2.0	4.0	1.0	4.0	4.0	4.0	2.0	3.0	4.0	4.0	3.0	3.0	4.0	4.0	4.0	4.0	4.0	4.0	3.0	2.0	4.0	4.0	2.0	4.0	2.0	4.0	4.0	2.0	4.0	3.0	4.0	4.0	2.0	4.0	4.0	4.0	4.0	4.0	2.0	2.0	3.0	4.0	3.0	4.0	4.0	2.0	4.0	2.0	2.0	4.0	4.0	2.0	4.0	4.0	2.0	4.0	1.0	1.0	2.0	4.0	4.0	4.0	4.0	3.0	4.0	2.0	4.0	2.0	2.0	4.0	4.0	4.0	1.0	3.0	4.0	2.0	4.0	1.0	2.0	2.0	4.0	4.0	4.0	2.0	1.0	4.0	3.0	2.0	2.0	4.0	3.0	4.0	4.0	2.0	4.0	4.0	2.0	3.0	2.0	4.0	3.0	2.0	3.0	1.0	4.0	4.0	4.0	3.0	3.0	2.0	2.0	4.0	1.0	3.0	2.0	1.0	3.0	2.0	4.0	4.0	4.0	1.0	4.0	2.0	2.0	2.0	2.0	2.0	3.0	4.0	2.0	2.0	4.0	2.0	2.0	1.0	2.0	2.0	4.0	3.0	1.0	3.0	3.0	3.0	2.0	4.0	4.0	3.0	3.0	1.0	2.0	2.0	4.0	4.0	4.0	4.0	2.0	2.0	4.0	2.0	1.0	4.0	1.0	1.0	2.0	4.0	3.0	1.0	3.0	4.0	3.0	4.0	4.0	4.0	2.0	4.0	4.0	4.0	2.0	4.0	4.0	4.0	1.0	2.0	4.0	2.0	4.0	2.0	4.0	2.0	4.0	2.0	2.0	4.0	2.0	4.0	1.0	4.0	3.0	4.0	4.0	0.0	3.0	3.0	4.0	1.0	4.0	2.0	4.0	1.0	2.0	3.0	2.0	4.0	4.0	4.0	4.0	4.0	4.0	4.0	4.0	2.0	1.0	4.0	2.0	4.0	1.0	2.0	3.0	2.0	4.0	1.0	2.0	4.0	3.0	4.0	1.0	4.0	4.0	4.0	1.0	2.0	3.0	2.0	4.0	3.0	3.0	4.0	1.0	4.0	2.0	1.0	2.0	2.0	4.0	4.0	4.0	2.0	2.0	4.0	2.0	2.0	4.0	2.0	4.0	1.0	4.0	4.0	3.0
grading	2.0	2.0	3.0	1.0	2.0	2.0	1.0	1.0	1.0	2.0	2.0	2.0	3.0	3.0	2.0	2.0	1.0	3.0	2.0	1.0	2.0	2.0	2.0	2.0	2.0	2.0	2.0	2.0	2.0	2.0	1.0	2.0	3.0	2.0	2.0	1.0	3.0	1.0	2.0	1.0	2.0	3.0	3.0	2.0	2.0	3.0	1.0	3.0	1.0	2.0	2.0	1.0	1.0	1.0	2.0	2.0	2.0	2.0	2.0	1.0	2.0	2.0	3.0	1.0	2.0	3.0	3.0	2.0	1.0	2.0	3.0	2.0	2.0	2.0	2.0	2.0	3.0	2.0	2.0	3.0	2.0	2.0	3.0	2.0	2.0	3.0	1.0	2.0	1.0	2.0	1.0	2.0	2.0	2.0	2.0	1.0	2.0	3.0	2.0	3.0	1.0	1.0	2.0	2.0	3.0	2.0	2.0	1.0	2.0	2.0	2.0	1.0	2.0	0.0	2.0	1.0	1.0	0.0	2.0	1.0	2.0	3.0	2.0	2.0	2.0	3.0	3.0	1.0	2.0	1.0	2.0	3.0	3.0	2.0	3.0	3.0	2.0	3.0	2.0	2.0	2.0	3.0	3.0	1.0	2.0	2.0	2.0	2.0	2.0	1.0	1.0	2.0	2.0	2.0	2.0	2.0	0.0	2.0	2.0	1.0	2.0	2.0	2.0	2.0	2.0	3.0	2.0	2.0	2.0	2.0	2.0	1.0	2.0	2.0	2.0	1.0	2.0	3.0	2.0	3.0	3.0	1.0	1.0	3.0	1.0	2.0	2.0	2.0	2.0	2.0	1.0	3.0	3.0	0.0	3.0	2.0	3.0	1.0	2.0	1.0	2.0	2.0	2.0	1.0	1.0	1.0	2.0	1.0	2.0	3.0	2.0	3.0	2.0	2.0	2.0	1.0	2.0	1.0	2.0	1.0	2.0	1.0	1.0	3.0	2.0	2.0	2.0	2.0	2.0	1.0	3.0	2.0	0.0	1.0	1.0	2.0	2.0	2.0	2.0	2.0	2.0	2.0	1.0	1.0	2.0	2.0	2.0	2.0	1.0	0.0	1.0	2.0	3.0	1.0	2.0	1.0	2.0	2.0	2.0	1.0	2.0	3.0	1.0	2.0	3.0	2.0	2.0	3.0	2.0	1.0	2.0	2.0	2.0	2.0	1.0	2.0	1.0	1.0	2.0	1.0	2.0	2.0	1.0	2.0	3.0	1.0	2.0	2.0	3.0	1.0	2.0	2.0	1.0	3.0	1.0	3.0	2.0	1.0	2.0	2.0	2.0	1.0	2.0	1.0	3.0	2.0	2.0	2.0	2.0	2.0	2.0	2.0	2.0	3.0	2.0	3.0	2.0	2.0	2.0	1.0	1.0	1.0	2.0	1.0	2.0	3.0	3.0	2.0	1.0	1.0	2.0	3.0	1.0	1.0	3.0	2.0	1.0	1.0	2.0	1.0	1.0	2.0	1.0	1.0	2.0	2.0	2.0	2.0	2.0	3.0	1.0	1.0	3.0	3.0	0.0	2.0	2.0	2.0	2.0	1.0	3.0	3.0	1.0	1.0	2.0	2.0	1.0	2.0	2.0	2.0	2.0	3.0	1.0	1.0	2.0	3.0	1.0	3.0	2.0	3.0	3.0	1.0	2.0	3.0	2.0	2.0	2.0	3.0	2.0	1.0	3.0	2.0	1.0	1.0	2.0	1.0	2.0	2.0	3.0	2.0	3.0	1.0	2.0	2.0	3.0	1.0	2.0	2.0	3.0	1.0	1.0	3.0	2.0	2.0	2.0	2.0	2.0	2.0	1.0	2.0	3.0	0.0	2.0	1.0	2.0	1.0	2.0	1.0	3.0	1.0	1.0	3.0	2.0	1.0	2.0	2.0	2.0	1.0	1.0	3.0	2.0	2.0	2.0	3.0	2.0	1.0	1.0	1.0	2.0	2.0	2.0	2.0	2.0	1.0	3.0	2.0	2.0	2.0	2.0	1.0	2.0	1.0	1.0	3.0	2.0	1.0	2.0	2.0	2.0	2.0	2.0	2.0	2.0	1.0	1.0	2.0	1.0	1.0	1.0	3.0	0.0	2.0	2.0	1.0	3.0	3.0	2.0	2.0	2.0	2.0	2.0	3.0	2.0	1.0	2.0	2.0	2.0	2.0	3.0	2.0	2.0	1.0	3.0	2.0	0.0	1.0	2.0	3.0	3.0	1.0	3.0	2.0	1.0	0.0	1.0	3.0	2.0	3.0	2.0	3.0	3.0	2.0	1.0	1.0	3.0	2.0	2.0	3.0	3.0	2.0	1.0	3.0	2.0	1.0	2.0	1.0	1.0	3.0	3.0	1.0	3.0	2.0	2.0	3.0	3.0	1.0	3.0	2.0	1.0	2.0	2.0	1.0	2.0	1.0	3.0	3.0	3.0	2.0	1.0	2.0	2.0	2.0	2.0	2.0	3.0	2.0	2.0	1.0	1.0	1.0	3.0	2.0	2.0	2.0	2.0	2.0	3.0	1.0	2.0	2.0	2.0	1.0	2.0	3.0	2.0	3.0	3.0	2.0	2.0	3.0	2.0	2.0	2.0	1.0	2.0	1.0	1.0	2.0	3.0	3.0	2.0	1.0	2.0	2.0	1.0	3.0	2.0	2.0	1.0	2.0	1.0	2.0	3.0	3.0	3.0	2.0	1.0	1.0	0.0	1.0	2.0	1.0	1.0	3.0	2.0	2.0	3.0	2.0	2.0	2.0	2.0	1.0	3.0	0.0	2.0	1.0	1.0	1.0	2.0	3.0	2.0	1.0	1.0	2.0	2.0	2.0	2.0	3.0	2.0	2.0	2.0	1.0	2.0	2.0	1.0	3.0	2.0	2.0	2.0	2.0	1.0	2.0	0.0	2.0	1.0	3.0	2.0	2.0	2.0	2.0	2.0	2.0	2.0	2.0	2.0	3.0	2.0	2.0	3.0	1.0	3.0	1.0	2.0	2.0	1.0	1.0	2.0	2.0	1.0	2.0	2.0	3.0	0.0	3.0	1.0	1.0	2.0	1.0	2.0	1.0	2.0	1.0	3.0	2.0	1.0	2.0	1.0	3.0	2.0	2.0	3.0	2.0	2.0	2.0	3.0	1.0	1.0	1.0	2.0	3.0	2.0	1.0	1.0	2.0	2.0	1.0	2.0	3.0	1.0	2.0	2.0	1.0	2.0	1.0	2.0	2.0	1.0	2.0	2.0	1.0	1.0	3.0	2.0	2.0	1.0	2.0	2.0	1.0	1.0	3.0	2.0	1.0	2.0	3.0	2.0	2.0	3.0	1.0	2.0	2.0	2.0	3.0	2.0
hpv_association_p16	1.0	1.0	2.0	1.0	0.0	1.0	0.0	1.0	1.0	1.0	1.0	0.0	2.0	2.0	1.0	1.0	1.0	2.0	1.0	1.0	0.0	1.0	0.0	1.0	0.0	1.0	1.0	1.0	1.0	1.0	1.0	1.0	2.0	0.0	1.0	1.0	2.0	1.0	0.0	1.0	1.0	2.0	2.0	1.0	0.0	0.0	0.0	2.0	1.0	1.0	1.0	1.0	0.0	1.0	1.0	0.0	1.0	1.0	1.0	1.0	1.0	1.0	2.0	0.0	0.0	2.0	2.0	0.0	0.0	1.0	2.0	1.0	1.0	1.0	1.0	1.0	2.0	1.0	0.0	2.0	1.0	0.0	2.0	0.0	1.0	2.0	0.0	0.0	0.0	1.0	1.0	1.0	0.0	1.0	0.0	1.0	0.0	2.0	1.0	2.0	0.0	1.0	1.0	0.0	2.0	1.0	1.0	1.0	0.0	0.0	0.0	1.0	1.0	0.0	1.0	1.0	1.0	1.0	1.0	1.0	1.0	2.0	0.0	1.0	1.0	2.0	0.0	0.0	1.0	1.0	1.0	2.0	2.0	1.0	2.0	2.0	1.0	2.0	1.0	1.0	1.0	2.0	2.0	1.0	1.0	0.0	1.0	1.0	1.0	0.0	1.0	1.0	1.0	1.0	0.0	1.0	1.0	1.0	0.0	1.0	1.0	1.0	1.0	1.0	1.0	2.0	1.0	1.0	1.0	1.0	1.0	1.0	1.0	0.0	1.0	1.0	1.0	2.0	0.0	2.0	2.0	1.0	1.0	2.0	1.0	1.0	1.0	1.0	1.0	1.0	1.0	2.0	2.0	1.0	2.0	1.0	0.0	1.0	0.0	1.0	1.0	0.0	1.0	1.0	1.0	0.0	1.0	0.0	1.0	2.0	0.0	1.0	1.0	1.0	1.0	1.0	1.0	1.0	0.0	1.0	1.0	0.0	0.0	2.0	1.0	0.0	1.0	0.0	1.0	1.0	2.0	1.0	1.0	1.0	1.0	1.0	1.0	1.0	0.0	1.0	1.0	1.0	1.0	1.0	1.0	0.0	1.0	0.0	1.0	1.0	1.0	1.0	2.0	1.0	0.0	0.0	1.0	1.0	1.0	1.0	0.0	0.0	1.0	1.0	2.0	1.0	0.0	2.0	1.0	1.0	0.0	0.0	1.0	1.0	0.0	1.0	1.0	1.0	0.0	1.0	1.0	1.0	1.0	1.0	2.0	1.0	1.0	1.0	2.0	1.0	1.0	1.0	0.0	2.0	1.0	2.0	1.0	0.0	1.0	0.0	1.0	1.0	1.0	1.0	2.0	1.0	1.0	0.0	0.0	0.0	0.0	0.0	0.0	2.0	0.0	2.0	1.0	1.0	1.0	1.0	1.0	1.0	0.0	0.0	0.0	2.0	2.0	1.0	1.0	1.0	1.0	2.0	1.0	0.0	2.0	2.0	1.0	1.0	0.0	1.0	1.0	1.0	1.0	1.0	0.0	1.0	1.0	0.0	1.0	2.0	1.0	0.0	2.0	2.0	1.0	1.0	1.0	1.0	1.0	0.0	2.0	2.0	1.0	1.0	1.0	0.0	0.0	0.0	1.0	1.0	1.0	2.0	1.0	1.0	0.0	2.0	1.0	2.0	1.0	2.0	2.0	1.0	0.0	2.0	1.0	1.0	0.0	2.0	1.0	1.0	2.0	1.0	1.0	0.0	1.0	0.0	1.0	0.0	2.0	1.0	2.0	1.0	1.0	1.0	2.0	0.0	1.0	1.0	2.0	1.0	1.0	2.0	1.0	1.0	1.0	1.0	1.0	1.0	0.0	1.0	2.0	1.0	0.0	0.0	1.0	1.0	1.0	1.0	2.0	0.0	1.0	2.0	1.0	1.0	1.0	1.0	1.0	1.0	0.0	2.0	2.0	1.0	0.0	2.0	0.0	1.0	1.0	1.0	1.0	1.0	1.0	1.0	1.0	1.0	2.0	0.0	1.0	1.0	1.0	1.0	0.0	0.0	0.0	2.0	1.0	1.0	1.0	1.0	1.0	1.0	0.0	1.0	1.0	1.0	1.0	0.0	1.0	1.0	1.0	2.0	1.0	1.0	0.0	1.0	2.0	2.0	1.0	1.0	0.0	1.0	0.0	2.0	1.0	1.0	1.0	0.0	1.0	0.0	2.0	0.0	1.0	1.0	2.0	1.0	1.0	1.0	0.0	2.0	2.0	0.0	2.0	0.0	1.0	1.0	0.0	2.0	1.0	2.0	1.0	2.0	2.0	1.0	0.0	1.0	2.0	1.0	1.0	2.0	2.0	0.0	0.0	2.0	1.0	1.0	1.0	0.0	1.0	2.0	2.0	1.0	2.0	1.0	1.0	2.0	2.0	1.0	1.0	0.0	1.0	0.0	1.0	1.0	1.0	0.0	2.0	2.0	2.0	1.0	0.0	1.0	0.0	1.0	1.0	0.0	2.0	1.0	1.0	1.0	2.0	1.0	2.0	1.0	1.0	1.0	0.0	0.0	2.0	1.0	1.0	1.0	1.0	1.0	1.0	2.0	1.0	2.0	2.0	1.0	0.0	2.0	1.0	1.0	1.0	0.0	1.0	1.0	1.0	1.0	2.0	2.0	0.0	1.0	1.0	1.0	1.0	2.0	1.0	1.0	1.0	1.0	1.0	1.0	2.0	2.0	0.0	1.0	0.0	1.0	1.0	1.0	1.0	1.0	1.0	2.0	1.0	1.0	2.0	1.0	1.0	1.0	1.0	1.0	2.0	1.0	1.0	1.0	1.0	1.0	1.0	2.0	0.0	1.0	1.0	1.0	1.0	1.0	0.0	0.0	0.0	0.0	1.0	1.0	0.0	1.0	1.0	2.0	1.0	0.0	1.0	0.0	1.0	1.0	1.0	0.0	1.0	2.0	1.0	0.0	1.0	0.0	0.0	0.0	1.0	0.0	1.0	1.0	1.0	1.0	2.0	1.0	0.0	1.0	1.0	1.0	1.0	1.0	1.0	0.0	1.0	0.0	1.0	2.0	1.0	2.0	0.0	0.0	1.0	1.0	0.0	1.0	1.0	1.0	2.0	1.0	1.0	1.0	1.0	2.0	0.0	0.0	2.0	0.0	0.0	0.0	2.0	1.0	1.0	0.0	1.0	0.0	1.0	1.0	1.0	1.0	0.0	1.0	1.0	2.0	1.0	0.0	1.0	1.0	0.0	0.0	1.0	1.0	1.0	1.0	0.0	1.0	1.0	2.0	1.0	0.0	1.0	1.0	1.0	1.0	0.0	2.0	0.0	1.0	1.0	0.0	1.0	1.0	2.0	1.0	1.0	1.0	0.0	2.0	1.0
resection_status	0.0	0.0	0.0	0.0	0.0	0.0	0.0	0.0	3.0	0.0	0.0	0.0	0.0	0.0	0.0	0.0	0.0	0.0	0.0	0.0	0.0	1.0	0.0	3.0	0.0	3.0	0.0	0.0	0.0	0.0	0.0	0.0	0.0	0.0	0.0	0.0	0.0	0.0	1.0	0.0	0.0	0.0	0.0	0.0	1.0	0.0	0.0	0.0	0.0	0.0	0.0	0.0	0.0	0.0	0.0	0.0	0.0	0.0	0.0	0.0	0.0	0.0	1.0	0.0	0.0	0.0	0.0	0.0	0.0	0.0	0.0	0.0	0.0	0.0	0.0	0.0	0.0	0.0	0.0	0.0	0.0	0.0	0.0	0.0	0.0	0.0	0.0	0.0	0.0	0.0	0.0	0.0	0.0	0.0	0.0	0.0	3.0	0.0	0.0	0.0	0.0	0.0	0.0	0.0	0.0	0.0	0.0	0.0	0.0	0.0	0.0	0.0	0.0	0.0	0.0	0.0	1.0	0.0	0.0	0.0	0.0	0.0	0.0	0.0	0.0	3.0	1.0	0.0	0.0	1.0	0.0	0.0	0.0	0.0	0.0	0.0	1.0	0.0	0.0	0.0	0.0	0.0	0.0	0.0	0.0	0.0	0.0	0.0	0.0	0.0	0.0	0.0	0.0	0.0	0.0	0.0	0.0	0.0	0.0	0.0	0.0	3.0	1.0	0.0	0.0	0.0	0.0	0.0	0.0	0.0	0.0	0.0	1.0	0.0	0.0	0.0	0.0	0.0	0.0	0.0	0.0	0.0	0.0	0.0	0.0	0.0	0.0	0.0	0.0	0.0	0.0	1.0	0.0	0.0	0.0	0.0	0.0	0.0	0.0	0.0	0.0	0.0	0.0	0.0	0.0	0.0	0.0	0.0	0.0	0.0	0.0	1.0	0.0	0.0	0.0	0.0	1.0	0.0	0.0	0.0	0.0	0.0	0.0	0.0	0.0	1.0	0.0	0.0	0.0	0.0	0.0	1.0	0.0	0.0	0.0	0.0	0.0	0.0	0.0	0.0	0.0	0.0	0.0	0.0	0.0	0.0	0.0	0.0	0.0	0.0	0.0	0.0	0.0	1.0	0.0	0.0	0.0	0.0	0.0	0.0	0.0	0.0	0.0	0.0	0.0	0.0	0.0	0.0	0.0	1.0	1.0	0.0	0.0	0.0	0.0	0.0	0.0	0.0	0.0	0.0	0.0	0.0	0.0	0.0	0.0	0.0	0.0	0.0	0.0	0.0	0.0	0.0	0.0	3.0	0.0	0.0	0.0	0.0	0.0	0.0	0.0	0.0	0.0	0.0	0.0	0.0	0.0	0.0	0.0	0.0	0.0	0.0	0.0	0.0	0.0	0.0	0.0	0.0	0.0	0.0	0.0	0.0	0.0	0.0	0.0	0.0	0.0	0.0	0.0	0.0	0.0	0.0	0.0	0.0	0.0	1.0	0.0	0.0	0.0	0.0	0.0	0.0	0.0	0.0	0.0	3.0	0.0	0.0	0.0	0.0	0.0	0.0	0.0	0.0	0.0	0.0	0.0	0.0	0.0	0.0	0.0	0.0	0.0	0.0	0.0	0.0	0.0	1.0	0.0	0.0	0.0	0.0	0.0	0.0	0.0	1.0	0.0	0.0	0.0	0.0	0.0	0.0	0.0	0.0	0.0	0.0	0.0	0.0	0.0	0.0	0.0	0.0	0.0	0.0	0.0	0.0	0.0	0.0	0.0	0.0	0.0	0.0	0.0	1.0	0.0	0.0	0.0	0.0	0.0	0.0	0.0	3.0	0.0	0.0	0.0	1.0	0.0	0.0	0.0	0.0	0.0	0.0	0.0	0.0	1.0	0.0	0.0	0.0	0.0	0.0	0.0	0.0	0.0	0.0	0.0	0.0	1.0	3.0	0.0	0.0	0.0	0.0	3.0	0.0	0.0	0.0	0.0	0.0	0.0	0.0	0.0	0.0	0.0	0.0	0.0	0.0	0.0	0.0	0.0	0.0	0.0	0.0	0.0	0.0	0.0	0.0	0.0	0.0	0.0	0.0	0.0	0.0	0.0	0.0	0.0	0.0	0.0	0.0	0.0	0.0	0.0	0.0	0.0	0.0	0.0	0.0	0.0	0.0	0.0	0.0	0.0	0.0	0.0	0.0	0.0	0.0	0.0	0.0	1.0	0.0	0.0	0.0	0.0	0.0	0.0	3.0	0.0	0.0	0.0	0.0	0.0	0.0	0.0	0.0	0.0	0.0	0.0	2.0	0.0	0.0	2.0	0.0	0.0	0.0	0.0	0.0	0.0	0.0	0.0	0.0	0.0	0.0	0.0	0.0	0.0	0.0	0.0	0.0	0.0	0.0	0.0	0.0	0.0	0.0	0.0	0.0	0.0	1.0	0.0	0.0	0.0	0.0	0.0	0.0	0.0	0.0	0.0	0.0	0.0	0.0	0.0	0.0	0.0	0.0	0.0	0.0	0.0	0.0	0.0	0.0	1.0	0.0	1.0	0.0	0.0	0.0	0.0	0.0	0.0	0.0	0.0	0.0	1.0	0.0	1.0	1.0	0.0	0.0	0.0	0.0	0.0	0.0	0.0	0.0	0.0	0.0	0.0	0.0	0.0	0.0	0.0	0.0	0.0	0.0	3.0	0.0	0.0	0.0	0.0	0.0	0.0	0.0	0.0	1.0	1.0	0.0	0.0	0.0	0.0	0.0	0.0	0.0	0.0	0.0	0.0	0.0	0.0	0.0	0.0	0.0	0.0	0.0	0.0	0.0	0.0	0.0	3.0	0.0	0.0	0.0	0.0	0.0	1.0	0.0	0.0	0.0	0.0	1.0	0.0	0.0	0.0	1.0	0.0	0.0	0.0	0.0	0.0	0.0	1.0	0.0	0.0	0.0	0.0	0.0	0.0	0.0	0.0	0.0	0.0	0.0	0.0	0.0	0.0	0.0	0.0	0.0	0.0	0.0	0.0	0.0	0.0	0.0	0.0	0.0	0.0	0.0	0.0	0.0	0.0	0.0	0.0	0.0	0.0	0.0	0.0	3.0	0.0	0.0	0.0	1.0	0.0	0.0	0.0	0.0	0.0	0.0	0.0	0.0	3.0	0.0	0.0	0.0	0.0	0.0	1.0	0.0	0.0	0.0	0.0	0.0	0.0	0.0	0.0	0.0	0.0	0.0	0.0	0.0	0.0	0.0	0.0	0.0	0.0	0.0	0.0	0.0	0.0	0.0	0.0	0.0	0.0	0.0	0.0	0.0	0.0	0.0	0.0	0.0	0.0	0.0	0.0	0.0	0.0	0.0	0.0	0.0	0.0	0.0	0.0	0.0	0.0	0.0	0.0
resection_status_carcinoma_in_situ	0.0	0.0	0.0	1.0	1.0	0.0	1.0	0.0	0.0	2.0	0.0	0.0	1.0	1.0	1.0	0.0	0.0	0.0	1.0	1.0	1.0	0.0	0.0	0.0	0.0	2.0	1.0	0.0	1.0	0.0	0.0	0.0	1.0	2.0	0.0	1.0	1.0	0.0	2.0	0.0	0.0	0.0	0.0	0.0	1.0	0.0	0.0	0.0	1.0	1.0	0.0	0.0	0.0	0.0	2.0	0.0	1.0	0.0	0.0	1.0	0.0	0.0	0.0	0.0	1.0	1.0	1.0	0.0	1.0	0.0	0.0	0.0	0.0	0.0	1.0	0.0	1.0	1.0	0.0	0.0	0.0	0.0	1.0	1.0	0.0	0.0	1.0	1.0	0.0	0.0	0.0	1.0	0.0	0.0	0.0	1.0	0.0	0.0	0.0	1.0	1.0	0.0	1.0	0.0	1.0	0.0	0.0	0.0	0.0	0.0	0.0	1.0	1.0	0.0	1.0	0.0	0.0	0.0	0.0	0.0	0.0	0.0	0.0	0.0	1.0	0.0	0.0	0.0	0.0	0.0	0.0	1.0	1.0	1.0	1.0	0.0	0.0	0.0	0.0	0.0	0.0	1.0	0.0	1.0	0.0	1.0	0.0	1.0	1.0	0.0	0.0	0.0	1.0	0.0	1.0	0.0	0.0	1.0	0.0	2.0	0.0	0.0	0.0	0.0	1.0	0.0	1.0	1.0	1.0	1.0	0.0	0.0	0.0	1.0	1.0	0.0	1.0	1.0	0.0	0.0	0.0	1.0	0.0	0.0	0.0	0.0	0.0	0.0	0.0	0.0	0.0	0.0	1.0	0.0	0.0	1.0	1.0	0.0	1.0	0.0	1.0	0.0	1.0	0.0	0.0	0.0	0.0	1.0	0.0	0.0	0.0	1.0	2.0	1.0	1.0	1.0	0.0	1.0	1.0	0.0	0.0	0.0	0.0	0.0	1.0	0.0	0.0	1.0	1.0	0.0	0.0	0.0	0.0	0.0	1.0	1.0	0.0	1.0	0.0	1.0	0.0	0.0	0.0	0.0	1.0	1.0	1.0	1.0	0.0	0.0	0.0	0.0	1.0	1.0	0.0	0.0	0.0	0.0	1.0	0.0	0.0	0.0	0.0	0.0	1.0	0.0	0.0	0.0	0.0	0.0	0.0	0.0	0.0	0.0	1.0	1.0	0.0	0.0	0.0	0.0	1.0	1.0	1.0	1.0	0.0	0.0	0.0	1.0	0.0	1.0	1.0	0.0	0.0	0.0	0.0	1.0	0.0	0.0	0.0	0.0	1.0	0.0	1.0	1.0	0.0	1.0	1.0	1.0	0.0	1.0	0.0	0.0	0.0	1.0	0.0	0.0	0.0	0.0	0.0	0.0	1.0	0.0	0.0	0.0	1.0	0.0	0.0	1.0	1.0	0.0	0.0	0.0	0.0	0.0	0.0	1.0	1.0	0.0	1.0	1.0	1.0	1.0	0.0	1.0	0.0	1.0	0.0	0.0	1.0	0.0	0.0	1.0	1.0	1.0	0.0	0.0	0.0	1.0	0.0	0.0	1.0	0.0	0.0	0.0	0.0	1.0	0.0	0.0	0.0	0.0	0.0	0.0	1.0	1.0	0.0	0.0	1.0	0.0	0.0	1.0	0.0	0.0	1.0	0.0	1.0	0.0	0.0	0.0	1.0	1.0	1.0	1.0	0.0	1.0	0.0	0.0	0.0	1.0	0.0	0.0	1.0	0.0	1.0	1.0	0.0	1.0	1.0	0.0	0.0	1.0	1.0	1.0	0.0	2.0	1.0	1.0	1.0	0.0	0.0	0.0	0.0	0.0	0.0	1.0	0.0	0.0	1.0	0.0	0.0	0.0	1.0	0.0	0.0	0.0	1.0	1.0	0.0	1.0	0.0	0.0	0.0	0.0	0.0	0.0	1.0	0.0	0.0	0.0	0.0	1.0	1.0	1.0	1.0	0.0	0.0	1.0	0.0	1.0	0.0	0.0	1.0	1.0	1.0	1.0	0.0	1.0	0.0	1.0	1.0	0.0	1.0	1.0	0.0	0.0	0.0	0.0	0.0	1.0	0.0	0.0	0.0	0.0	0.0	0.0	0.0	0.0	0.0	0.0	1.0	0.0	0.0	1.0	0.0	1.0	0.0	0.0	0.0	0.0	0.0	0.0	0.0	1.0	1.0	0.0	0.0	0.0	0.0	0.0	1.0	0.0	1.0	0.0	1.0	1.0	1.0	0.0	1.0	0.0	0.0	0.0	0.0	1.0	1.0	0.0	0.0	1.0	0.0	0.0	0.0	0.0	1.0	1.0	1.0	0.0	0.0	0.0	0.0	0.0	1.0	1.0	0.0	0.0	0.0	0.0	0.0	0.0	0.0	1.0	0.0	1.0	1.0	1.0	1.0	0.0	0.0	0.0	0.0	1.0	0.0	0.0	1.0	1.0	0.0	0.0	0.0	1.0	0.0	0.0	0.0	0.0	1.0	0.0	0.0	0.0	1.0	1.0	0.0	0.0	0.0	0.0	1.0	1.0	0.0	0.0	1.0	0.0	0.0	0.0	0.0	0.0	1.0	0.0	0.0	0.0	0.0	1.0	0.0	0.0	0.0	0.0	1.0	0.0	1.0	0.0	1.0	1.0	0.0	1.0	0.0	0.0	1.0	0.0	0.0	0.0	0.0	0.0	1.0	1.0	0.0	0.0	1.0	0.0	0.0	0.0	1.0	0.0	1.0	0.0	0.0	0.0	1.0	0.0	0.0	1.0	0.0	0.0	0.0	0.0	0.0	1.0	1.0	0.0	0.0	0.0	1.0	1.0	1.0	1.0	0.0	0.0	1.0	1.0	0.0	0.0	1.0	0.0	0.0	0.0	0.0	0.0	0.0	0.0	0.0	0.0	0.0	0.0	0.0	0.0	0.0	0.0	0.0	0.0	0.0	1.0	0.0	0.0	1.0	0.0	1.0	0.0	1.0	0.0	0.0	0.0	0.0	1.0	1.0	1.0	0.0	0.0	0.0	0.0	0.0	1.0	0.0	0.0	1.0	0.0	0.0	0.0	0.0	1.0	0.0	0.0	0.0	0.0	0.0	0.0	0.0	0.0	0.0	0.0	0.0	0.0	1.0	1.0	0.0	0.0	0.0	0.0	0.0	0.0	0.0	1.0	0.0	0.0	0.0	0.0	0.0	1.0	1.0	0.0	0.0	1.0	1.0	1.0	0.0	0.0	1.0	0.0	1.0	0.0	0.0	0.0	0.0	1.0	0.0	0.0	0.0	0.0	2.0	0.0	1.0	1.0	1.0	0.0	1.0	1.0	0.0	1.0	0.0	1.0	0.0
histologic_type	3.0	4.0	3.0	4.0	4.0	4.0	4.0	4.0	4.0	4.0	4.0	3.0	4.0	4.0	4.0	4.0	4.0	3.0	3.0	4.0	4.0	5.0	4.0	4.0	3.0	5.0	4.0	3.0	7.0	3.0	5.0	3.0	3.0	4.0	3.0	4.0	3.0	4.0	4.0	4.0	4.0	7.0	4.0	4.0	4.0	4.0	4.0	3.0	4.0	7.0	4.0	5.0	4.0	4.0	4.0	5.0	4.0	4.0	4.0	4.0	4.0	3.0	5.0	4.0	4.0	3.0	3.0	4.0	4.0	3.0	3.0	4.0	3.0	4.0	4.0	4.0	5.0	4.0	4.0	4.0	4.0	4.0	5.0	4.0	4.0	3.0	4.0	5.0	3.0	4.0	4.0	4.0	4.0	4.0	5.0	4.0	4.0	3.0	3.0	5.0	4.0	4.0	4.0	4.0	4.0	4.0	4.0	4.0	5.0	3.0	4.0	4.0	5.0	4.0	4.0	4.0	4.0	4.0	3.0	4.0	5.0	5.0	5.0	4.0	5.0	5.0	4.0	4.0	4.0	4.0	8.0	4.0	3.0	8.0	3.0	4.0	4.0	3.0	4.0	4.0	4.0	3.0	3.0	5.0	5.0	4.0	4.0	4.0	3.0	4.0	4.0	4.0	4.0	4.0	4.0	4.0	4.0	4.0	5.0	4.0	5.0	4.0	4.0	4.0	4.0	3.0	4.0	4.0	5.0	4.0	4.0	4.0	4.0	4.0	4.0	4.0	1.0	3.0	5.0	3.0	4.0	4.0	4.0	3.0	4.0	4.0	5.0	4.0	3.0	7.0	4.0	3.0	3.0	8.0	3.0	4.0	5.0	5.0	4.0	4.0	4.0	4.0	4.0	4.0	4.0	5.0	4.0	5.0	4.0	5.0	5.0	3.0	5.0	4.0	4.0	4.0	4.0	4.0	3.0	8.0	4.0	4.0	5.0	3.0	4.0	4.0	4.0	4.0	3.0	4.0	5.0	4.0	4.0	4.0	4.0	4.0	4.0	4.0	3.0	4.0	4.0	4.0	4.0	4.0	4.0	4.0	4.0	4.0	4.0	4.0	4.0	3.0	3.0	4.0	4.0	5.0	4.0	4.0	4.0	4.0	4.0	3.0	4.0	4.0	4.0	3.0	4.0	4.0	4.0	4.0	3.0	2.0	4.0	4.0	4.0	4.0	4.0	4.0	4.0	4.0	4.0	4.0	4.0	4.0	4.0	4.0	4.0	3.0	3.0	5.0	5.0	4.0	4.0	5.0	4.0	3.0	4.0	4.0	4.0	4.0	4.0	4.0	4.0	4.0	3.0	4.0	4.0	3.0	4.0	4.0	3.0	4.0	5.0	5.0	3.0	6.0	4.0	3.0	4.0	4.0	4.0	4.0	3.0	5.0	4.0	5.0	3.0	4.0	4.0	4.0	5.0	4.0	4.0	4.0	3.0	3.0	4.0	4.0	5.0	4.0	4.0	4.0	4.0	4.0	5.0	5.0	4.0	4.0	4.0	4.0	4.0	4.0	3.0	2.0	4.0	4.0	4.0	3.0	4.0	4.0	5.0	3.0	4.0	4.0	8.0	5.0	4.0	4.0	4.0	8.0	4.0	5.0	4.0	5.0	4.0	3.0	4.0	4.0	4.0	4.0	3.0	4.0	3.0	3.0	3.0	4.0	4.0	4.0	5.0	4.0	5.0	4.0	3.0	4.0	8.0	4.0	4.0	4.0	3.0	4.0	3.0	4.0	4.0	4.0	4.0	5.0	4.0	5.0	3.0	4.0	4.0	4.0	4.0	4.0	4.0	4.0	4.0	3.0	4.0	4.0	5.0	8.0	3.0	5.0	5.0	4.0	4.0	4.0	3.0	4.0	3.0	3.0	4.0	4.0	4.0	4.0	3.0	4.0	4.0	4.0	4.0	4.0	2.0	5.0	7.0	4.0	4.0	4.0	4.0	5.0	4.0	3.0	4.0	4.0	5.0	5.0	4.0	5.0	4.0	4.0	3.0	8.0	4.0	3.0	8.0	4.0	3.0	4.0	4.0	8.0	4.0	5.0	3.0	4.0	4.0	5.0	4.0	4.0	4.0	3.0	0.0	4.0	4.0	4.0	3.0	3.0	4.0	5.0	4.0	4.0	4.0	3.0	4.0	4.0	4.0	4.0	5.0	3.0	2.0	4.0	4.0	4.0	5.0	3.0	8.0	4.0	4.0	3.0	3.0	4.0	4.0	4.0	4.0	8.0	4.0	6.0	4.0	5.0	4.0	3.0	4.0	4.0	4.0	4.0	5.0	3.0	4.0	3.0	4.0	4.0	4.0	3.0	4.0	4.0	4.0	4.0	5.0	3.0	3.0	4.0	4.0	4.0	4.0	3.0	3.0	4.0	5.0	4.0	4.0	4.0	5.0	4.0	3.0	4.0	3.0	3.0	3.0	3.0	3.0	4.0	4.0	3.0	4.0	3.0	6.0	3.0	4.0	4.0	3.0	4.0	3.0	3.0	4.0	5.0	5.0	5.0	3.0	4.0	4.0	4.0	4.0	4.0	4.0	4.0	4.0	3.0	5.0	4.0	3.0	5.0	4.0	4.0	5.0	4.0	4.0	4.0	4.0	3.0	3.0	3.0	4.0	4.0	4.0	5.0	4.0	5.0	3.0	4.0	8.0	4.0	4.0	4.0	3.0	3.0	4.0	4.0	4.0	4.0	4.0	4.0	4.0	4.0	4.0	3.0	5.0	4.0	4.0	4.0	4.0	4.0	4.0	4.0	5.0	4.0	4.0	4.0	4.0	4.0	4.0	5.0	4.0	4.0	4.0	5.0	4.0	4.0	4.0	3.0	4.0	3.0	3.0	4.0	4.0	3.0	4.0	3.0	3.0	3.0	3.0	4.0	4.0	4.0	8.0	4.0	4.0	3.0	4.0	3.0	4.0	4.0	4.0	3.0	3.0	4.0	4.0	4.0	4.0	4.0	3.0	4.0	4.0	4.0	3.0	4.0	4.0	4.0	3.0	4.0	4.0	4.0	3.0	3.0	8.0	3.0	4.0	4.0	8.0	4.0	3.0	4.0	4.0	4.0	3.0	4.0	4.0	4.0	4.0	3.0	4.0	5.0	3.0	4.0	5.0	3.0	5.0	4.0	4.0	4.0	4.0	4.0	3.0	4.0	4.0	4.0	4.0	5.0	4.0	4.0	4.0	4.0	4.0	4.0	6.0	4.0	4.0	4.0	8.0	4.0	4.0	4.0	4.0	3.0	5.0	4.0	5.0	4.0	4.0	5.0	4.0	3.0	4.0	4.0	4.0	3.0	3.0	4.0	4.0	4.0	4.0	5.0	4.0	3.0	4.0
number_of_positive_lymph_nodes	3.0	3.0	1.0	0.0	2.0	3.59219790713884	2.299491525490944	0.0	0.7565161848289275	0.4313354118316721	3.0	8.0	0.0	3.0	1.0873139552368543	2.0	2.0	1.0	5.0	1.4264926180789321	1.5676052863653211	1.0	0.0	1.490098722883492	0.0	1.8072129897104252	0.20076462351026025	3.148975789988229	0.3118538566071529	0.7377732995537098	1.8379970570620647	2.0	4.0	1.0	1.64385416540533	0.2662833899473882	5.0	1.7156713898799785	7.0	0.0	2.0	11.0	0.0	2.0	4.0	3.428600662215576	3.0	2.0	1.092394175213695	2.0982689492783138	0.0	0.0	3.0	0.0	1.0	13.0	0.0	7.0	1.151996263252685	0.0	0.0	2.0	1.4152313035024533	0.20442770088264695	3.0	1.0	4.0	0.0	0.0	0.0	1.0	10.0	0.0	1.5945821506975784	2.0	0.6934793345140489	1.0	2.8845221632115168	0.0	1.0	5.0	3.14092475572005	1.0	1.0	0.0	0.0	1.0	3.0	3.0	0.0	1.9059851251426676	0.46298646324937875	3.3983206164689044	2.0	0.0	4.0	1.4448303067817934	1.0	0.15944990564553807	1.3028404792144137	0.0	0.044329475414444985	2.0	3.0	3.0	2.0	0.0	-0.8521671742984647	2.0	0.0	2.7232767171073395	0.0	4.406791882363539	-0.1522618099098949	1.0	1.7513524536465863	0.0	1.0	0.8833492631422755	5.0	3.0	2.0	1.5258257145037608	1.0	0.0	3.0	2.0	0.794678537478509	1.7722395912337565	1.0	0.3833343232837918	0.0	3.0	1.0	3.0	0.0	25.0	3.0	1.4411460426605252	1.5646551709700942	1.0	15.0	4.0	1.099167662462977	0.0	1.2450314591860165	0.16929282313901073	4.718254653619615	-0.46407053847336366	0.6306720537742205	0.0	1.5737235176508442	4.810121233088331	1.0	2.0700658321612937	2.7391846202411196	2.6094738552456205	2.4411113864253076	1.0	0.8646604598313077	1.179157954091631	9.0	2.0	4.0	1.5516513856846275	1.0	9.0	0.0	0.0	1.6229091127250004	1.0	2.4025872560999257	1.0	0.0	6.0	0.9769690460809262	2.7910723621166875	3.5677755792983534	3.7792575250371554	0.0	9.0	0.6537250485817419	1.1148623042428856	1.8678466075855775	1.87410352844437	3.0	3.0	2.0	0.0	0.0	0.0	12.0	1.0	2.183008696705549	1.0	3.0	0.0	0.915217618122522	2.0	-0.7265169298733238	0.06889049282820103	7.69296716736531	0.21071793511632508	4.0	0.6310743232299552	0.0	2.0	-0.4630859121964028	2.0	0.0	2.5795616330644378	2.7542272119469025	1.8391678340175197	1.1498281061549882	1.1854394069754441	0.0	4.0	2.8060674927172458	2.0	0.3397478841475645	2.0	0.0	3.0	3.0	0.14129676467635433	2.0	1.4938769335096684	0.0	3.0	0.0	0.30834410439114457	5.189247650332765	6.0	1.0	0.0	2.0	1.0	-0.023811569356272155	1.0	1.0	1.1421735568025533	0.0	0.0	2.0	2.776032418754515	2.040823728030051	3.0	1.8796137557915995	0.0	0.8780209351851131	1.1772288448513788	4.865380037606638	0.0	3.0	0.0	9.0	2.0590246785707236	2.0	1.0	2.6145730840571897	0.0	2.0930532456178366	0.0	2.0	3.0	4.0	5.0	1.0	-0.9086900750378586	6.0	-1.1234768748291448	5.0	2.0	0.0	1.0	0.0	0.9449649286440316	-0.4607018454012235	0.45053088509121775	6.610755282602511	1.0	1.8115047002239635	13.0	3.3369308267997946	4.045634615900635	0.6342848126180138	0.0	4.943078815079964	1.0	0.8812048017505643	1.1925627543542805	1.0	1.0	17.0	0.0	3.0	1.0	0.0	2.0	1.1601442408356468	1.9000420330016805	6.0	0.0	1.1652243214259819	2.0	1.961074156896911	2.0	-0.6714062932106812	0.0	0.0	0.0	0.0	0.0	5.611846349165177	1.0	1.0	1.0	3.0	0.13488498540961968	0.0	4.0	1.0	-0.42097947897874466	1.0	9.0	3.0	2.0	5.0	1.0358491120198794	0.0	-1.8875903543408188	2.0392281706981747	0.0	1.7673899862307594	2.0	5.0	0.2513205273229224	0.0	0.0	0.0	0.664256814186871	52.0	1.6635656475093419	0.0	4.0	2.0	2.729027037710807	1.0	0.780362010081431	4.0	11.0	0.0	1.0	1.0	0.0	1.9910619788341761	3.0	11.0	0.0	5.059317682633585	0.0	-1.8178402317471627	1.7229700854831094	0.0	0.0	0.3667088584181606	1.6697114773230126	1.56515096877122	1.8962320422521821	-0.8256525156194359	0.0	0.0	2.2750791986322483	1.3918373693017487	0.05453368273094705	5.824556847566088	0.6974128217076849	0.0	1.1600629785027663	1.0	1.0	-0.6447410971053897	0.8706326140587535	10.0	8.0	0.0	1.1762213591874666	3.0	1.503608481185008	1.2499649051722515	0.4752006239794966	0.0	1.3959474591982315	0.0	0.0	0.0	2.0	3.0	1.0	2.0	2.0	3.3110634093604414	1.667865721213228	2.0	1.5616649122611974	1.5118244793827993	2.5696569673488967	1.910546548544926	1.0	2.0	1.0	0.6787559379065449	0.0	3.9528946405865852	4.0	0.8680589816156885	3.0	0.6434320520610457	1.0	2.0	5.0	1.1939967627259362	2.0	-1.897617819567968	5.0	3.0478776073938465	1.418755830688076	0.480375766166786	1.0	1.2489169974216578	1.7527387221400064	2.7644112779133168	1.76838060612747	0.001966571026117414	0.0	1.0	6.0	1.6892052377049673	0.0	1.0	2.0	1.638169147379829	0.019422221920284866	2.0	2.0	0.0	1.0	1.0989538435630821	0.0	1.6531596085324431	0.6521576473240369	4.0	4.0	1.5835913853288546	1.0	0.0	3.0	0.0	4.0	3.0	2.0	1.0	2.205334930271836	5.207084105160774	4.0	1.0	0.8057780243217556	1.3570011968400386	-2.704778869984452	-0.5255260488799576	2.0	0.0	2.0	0.10279821177478654	0.0	3.907866666207389	0.0	1.0	0.697946253865376	2.0	-0.3800661942507224	0.0	0.0	-1.274598051777895	1.0	3.0	9.0	1.5942106856596252	4.244718550108171	2.916794878445085	5.0	1.0	2.0	0.0	0.0	1.0	7.743953636094384	1.5475425502666968	0.6182928594212371	0.0	0.0	0.4880010443530032	5.0	38.0	0.6136604882875272	0.0	0.0	2.0	1.4200629973394552	0.0	4.0	2.0	1.2358669358162657	2.192742404871728	0.0	3.0	-0.10276510415479612	10.0	2.0	8.0	23.0	0.4156561025674015	1.0	-0.41466080989788345	0.0	1.8158878482853056	3.184232840004198	1.0	0.0	6.0	0.0	1.0	0.0	1.9226550543036487	2.0	3.8452829614228614	3.0	1.0	14.0	0.8035389194926073	5.0	0.0	7.0	7.0	1.054167844157952	0.16431616733597787	0.0	3.0	1.272342293586167	0.0	1.3966101026467979	3.865999559620187	2.0	1.0	3.2448461074495034	5.208775142249124	3.0	0.0	1.0	1.0	1.0	2.0	0.7461284054842883	2.0	1.621584940919914	1.4123468391514575	0.0	0.0	1.5865466580247962	14.0	4.527069752695685	1.0323923266760748	-0.39630416463023366	6.0	0.0	28.0	0.0	0.5077769230226941	1.0	0.0	-0.20859068463321684	0.0	2.0	0.0	2.0	7.0	1.7059537808552188	2.443400391623532	5.0	1.0	2.6828963418376115	0.0	2.0	1.0	0.0	8.134349591719138	-0.3596494164273696	0.0	1.0	0.8602000916457531	1.5155099979826196	5.0	0.0	1.2098372027909101	0.18298949874480197	3.0	1.9691741158286253	1.0	-0.006740625218108143	5.0	1.8857370049913311	0.0	5.0	1.7327137597844533	2.0026923888780095	2.5458163690903604	4.0	0.16665786063339416	0.13810481369356697	0.0	1.4950353747593605	0.0	1.0	3.0	1.374715270315957	1.3017550764937602	1.647155674181675	2.0	2.0	2.539258861231813	0.8405114689286921	4.280854780509465	0.0	0.0	1.0	0.0	1.0	33.0	0.0	1.0	2.0	0.40211024316088384	5.576951773757537	2.3361564140621045	1.0	3.0	2.0	1.0	1.922328192947551	3.0	9.77571769259124	3.030848862520313	0.0	0.0	4.0	3.0	2.0	1.0	0.0	0.1280996503073446	1.0	1.2041884252569168	0.0	6.793674981892105	0.0	2.0	4.0	6.0	3.0	1.5320600547486138	0.0	10.84513110839161	6.0	0.563631883626301	2.0	1.0	1.483663666070289	2.72676200699158	3.0	2.376610071787256	2.0	0.5634897093903863	5.0	0.0	0.42286879669645483	-0.5047240067545773	0.0	0.0	9.0	0.0	5.0	1.0	2.1563840620734447	1.0	0.0	5.0	0.6468748987542707	1.0	-1.1746400856475714	4.0	11.0	2.0519207059161935	7.0	3.0	0.0	9.0	1.393529939641661	1.423495529431251	0.6709522449929057	0.0	1.6018545022511135	4.045867391365319	3.0	5.0	4.001529798349343	1.0	1.0	1.0	1.5287698362792386	1.0	5.0	0.0	2.8107567335453214	2.2537579417727684	-1.2474567113687955	0.6171678709329367	1.0	1.0	1.0	2.0	2.0	2.6061586865917072	2.0	4.97989803935967	26.0	5.0	0.0	0.8284313980171525	0.39994278299571606	3.004547534888409	0.0	2.0	0.0	1.0	1.0	2.0	0.3419816922894925	0.0	1.0	3.0	1.0	2.0	1.6387562433422527	3.0384057716254365	1.0	0.515261142065043	2.5660833761132325	1.3095835802054316	2.0	2.0	2.3794295123332967	3.0	3.6520977944474686
infiltration_depth_in_mm	6.513507271784093	9.0	7.0	3.8253099833807145	3.0	6.770489445686171	9.0	2.0	3.3267618477668783	10.0	4.0	5.0	1.0	23.0	12.0	1.0445267316908833	13.0	12.0	8.0	5.0	7.220951153982654	3.0	7.330797072564508	12.51611875280232	8.141610806293185	4.763241396498055	6.0	8.383129893180236	9.0	4.0	3.291574677766616	8.0	6.0	19.0	2.0	4.5	7.744837786109698	9.0	2.0	16.591207481727317	20.0	4.125005688026131	6.072617253883495	8.308649665756437	7.261068761894103	11.0	6.0	6.0	7.574743580929454	6.0	7.057481031173642	14.0	5.904808159205399	11.0	3.9257357983013934	11.0	5.0	2.0	15.0	2.0	12.0	4.0	10.0	5.0	19.0	5.0	30.0	12.0	18.0	11.0	9.0	6.0	9.551525672620444	8.0	10.0	4.0	11.960115276494715	6.0	7.0	15.0	11.0	18.0	8.0	4.0	15.0	8.643826338906592	7.7058342613335755	5.0	7.0	7.0	8.579350290340697	3.0	11.0	8.020060616004798	7.4553822217413614	7.878909407747151	5.0	5.520502056685952	3.0	4.80504044653423	7.619901150152037	11.0	12.0	5.088284426988741	7.4576991773625165	8.0	8.0	3.5572673349677153	12.215817494865895	15.0	12.411396128553298	8.498336233184345	14.630038625299381	3.0	10.384766008989834	2.8	3.0	16.0	4.427690270383136	6.237217828814239	13.0	11.0	11.57731928737562	3.865934434634852	7.0	2.0	16.430081893801404	15.0	6.608599376492151	21.0	4.5	9.0	14.82221568440583	4.977955672910927	7.237401985319754	4.0	11.472167101240936	5.306026866680574	18.0	7.794782043781038	13.0	6.204681640963773	15.0	15.0	7.983598599581516	4.0	3.0	10.0	3.0	23.0	1.0	12.0	8.0	7.0	4.0	5.0	2.0	4.0	9.139859354957794	4.602236443041647	4.0	28.0	4.794803976878343	7.0	7.277677231530584	6.947008825251331	12.0	5.192655465250978	6.0	2.0	12.0	7.0	15.0	11.0	6.0	4.763652506071768	6.996905662465085	10.884401640536836	7.944227913480029	12.0	9.0	4.561942149283001	4.3092994432798974	3.0	7.9346100923042755	10.0	3.0	7.150324533179534	5.759415647364218	5.0	8.0	7.0	9.0	4.554367574434514	12.0	2.3096005722098454	2.0	5.0	4.0	2.0	2.0	9.0	2.0	8.778982133076942	15.0	15.0	8.0	1.0	3.0	6.932019198767323	5.138429874383896	2.0	1.0	11.291138809966014	5.0	12.0	4.94199945816756	1.5	4.0	1.0	3.0	7.0	5.288712645715089	3.0	3.4269344890311597	14.868513923965903	16.0	4.0	6.0	9.048110293303543	3.3744727804566974	16.0	8.0	11.264087919062879	1.830519030464795	5.808127369962245	14.0	8.118290853818667	21.0	6.939791193512453	18.0	17.0	1.0	1.5	4.5	17.0	24.0	6.0	8.423609751721129	2.290189533688859	1.0	7.0	6.79216813445714	45.0	4.0	1.0	4.0	9.0	7.068238729039057	7.956591954544662	24.0	15.0	6.375850048476103	15.0	14.620344217108446	4.0	4.8766052582733055	3.0	2.818274860431795	12.0	25.0	12.0	8.0	13.0	22.0	6.0	4.0	3.0	5.0	9.0	6.341168828964724	1.0	6.0	10.0	5.0	7.544447067243115	11.0	11.0	4.0	2.0	8.223811689368388	3.952597602610057	7.0003215227069004	10.0	6.012810136270216	10.165019211714196	7.302410174752783	12.0	4.0	15.0	11.561518949637659	15.043647396015432	2.4811864384784936	4.696694026313057	6.279009736019982	5.778657043662459	2.478638828957995	4.0	5.0	18.0	12.0	4.0	7.0	15.0	13.2734436984641	5.0	17.95603174286729	11.0	25.0	16.0	6.442983329168423	8.0	5.0	10.0	8.0	8.968636681775383	17.0	5.205303433825256	2.0	8.35132242284273	9.559893200852784	5.590991674033161	1.5	19.447939655745394	6.0	8.430783187196713	7.533793932478735	6.3809603468257885	5.0	6.0	2.0	6.0	4.0	13.0	6.807740100033255	4.0	5.6453240105328	12.0	4.373091268214061	5.0	8.0	7.0	8.0	7.0	9.92947951714896	6.0	13.0	1.5	10.310050415382726	6.0	8.0	7.861280703830732	9.0	2.8119693284566036	7.214840363342693	3.0	6.0	1.0	16.328442591355227	5.0	10.0	6.0	6.0	2.0	8.359058703435704	7.585594036384498	4.5	2.5025927076332906	6.0	10.865816789402404	2.0	13.0	9.0	16.670672263923418	8.138852086451049	20.77936642273206	3.0	7.0	8.554846264913223	3.0	7.0	11.0	10.319011889806625	4.0	4.661427491530225	10.0	14.0	13.814543262252874	8.0	2.1540297254160095	9.142135239303968	13.0	8.0	9.051091234536875	9.583294403023459	1.5	2.5	13.059254816911842	5.0	6.39772417302415	8.0	1.0	4.0	2.6176621185859723	6.303577104464544	27.0	6.0	15.0	5.0	7.0	8.0	1.0	9.0	1.0	10.855253535254285	6.0	1.0	3.0	12.566947927799315	1.0	9.586916810111912	8.167740867306552	5.623894725591057	3.0	7.627945167689425	6.736349097168008	10.87177906869298	4.0	5.0	4.0	10.0	10.645337852007557	7.0	7.0	13.135423579687808	10.0	5.657764440200657	9.0	8.425721350967383	9.0	6.0	11.0	10.0	7.736772935316885	3.546171344716595	8.0	2.801071750161908	20.875528761533076	6.56224062128537	16.0	3.0	8.677357711527499	3.0	8.22551604807408	7.533658417112497	8.77526250412984	6.0	7.937620398507158	19.0	6.0	13.0	8.0	5.087447128532627	0.5	5.0	13.396702761330186	4.0	35.0	3.502908014442003	8.55029404979397	6.069468654546984	9.339491941738876	9.858032760523958	1.432482423736814	5.0	7.915987344486167	12.0	5.0	6.0	30.0	13.215912167579063	4.845517279292787	14.0	5.5	12.0	3.5656879383983986	12.0	12.600027169174519	9.622921635784603	10.0	4.731112945218042	2.0	7.0	16.0	0.5	4.0	5.0	18.0	4.0	2.0	4.787301623981994	4.0	19.0	0.0	6.0	12.0	4.0	5.919803539636144	5.298836814203639	11.902270254718525	53.0	5.773117778662982	7.847441767488013	3.95	4.616615754347691	10.0	4.901435324148175	9.0	5.0	11.0	7.380035678112822	3.0	12.0	4.0	12.304175894596796	7.0	10.757740209441971	8.0	21.010425082467407	7.0	3.0	3.44665108196504	5.663210848404527	19.547925789770638	11.0	3.0	5.0	7.927621923993003	6.570520947462861	11.0	3.0	20.0	10.377469806116212	7.440106386010211	17.0	12.0	14.0	5.931490400693498	17.0	7.0	12.0	8.152013545168556	6.0	3.0	12.0	3.0	7.216876764457463	3.441920147276039	9.318954121717352	18.068093228560564	5.0	13.36957746594339	3.5	6.834728491170118	2.0	9.0	6.0	1.0	5.278631731033039	5.0	14.0	5.286834081311655	9.92330662356664	4.444543381961888	5.782128459252075	6.810451399417805	11.642099997500607	8.0	6.254933635579528	12.0	5.900372064683646	7.0	5.473251638146997	11.0	8.0	11.821186430957995	6.0	12.0	7.157557045815143	3.0	7.0	12.0	12.0	2.5	3.528860298342413	13.12218235936382	2.0	2.0	4.0	5.133489813492822	4.7724405684457505	21.0	2.0	2.250601586495087	7.0	2.5	10.0	3.5	-1.2615384539995986	3.0	1.5	2.0	3.139549849458011	12.0	5.547483304992383	4.0	16.967348138592044	2.0	8.615996730677477	7.0	2.0	12.09538619920278	2.0	5.0	8.0	4.0	6.944313795647208	8.235927318663578	5.0	8.0	16.0	4.0	6.836043367205347	14.16282449949203	5.0	14.0	11.0	4.0	17.216146414527454	6.314423294062526	2.0	3.3726981839184305	17.0	5.882577091547743	10.0	5.0	45.0	3.86379714104024	-4.042765354823997	4.0	5.0	8.0	7.282942192000303	10.266220817384497	9.0	12.620123125769084	22.0	42.0	10.108686287457921	6.0	4.0	7.0	5.263840516505457	7.0274928496675875	19.0	8.0	7.025323810159947	13.0	11.786512354277049	0.5	3.1350173267254346	4.988656426544848	3.0	6.662136081046524	8.0	1.5	2.123383808274406	5.0	15.0	10.0	8.0	4.0	10.35227525747739	11.0	7.05833916288518	5.839601458609967	6.424669111942555	1.0	1.0	14.51995490998775	5.179447974959581	4.0	16.0	9.813658918529255	8.0	5.0	3.0	7.185866860581797	3.0	2.9689973126584253	12.0	12.024065434170106	17.0	17.0	2.0	21.0	4.926245548827403	9.0	4.0	13.336302987203066	11.721649303190144	5.847219485676911	9.0	3.0	2.6446255098163247	4.702521782297177	6.340244427659739	5.11117362710586	3.0	11.0	10.0	15.0	4.522019282706783	7.046736626909307	4.0	17.563303052797593	6.0	5.895963152599922	4.0	7.9837814361993615	5.0	12.0	1.0	4.782220690601859	8.817792404607507	3.0	10.0	9.0	5.821063432697252	9.0	19.0	14.0	5.451501719483671	12.211766716363519	6.232086895621084	2.0	3.0	12.0	9.0	10.867763409106892	18.0	10.0	15.40205716680618
pT_stage	7.0	5.0	2.0	5.0	5.0	6.0	2.0	5.0	5.0	7.0	5.0	5.0	2.0	5.0	6.0	5.0	6.0	5.0	7.0	4.0	5.0	2.0	2.0	6.0	5.0	7.0	3.0	5.0	5.0	2.0	2.0	2.0	5.0	6.0	2.0	3.0	2.0	7.0	2.0	5.0	5.0	5.0	2.0	5.0	5.0	5.0	2.0	2.0	2.0	5.0	6.0	5.0	5.0	5.0	5.0	5.0	2.0	6.0	5.0	2.0	7.0	5.0	5.0	5.0	5.0	5.0	6.0	5.0	5.0	6.0	5.0	2.0	6.0	5.0	5.0	2.0	2.0	7.0	5.0	2.0	7.0	5.0	2.0	2.0	6.0	5.0	5.0	2.0	5.0	6.0	5.0	2.0	6.0	7.0	5.0	2.0	6.0	2.0	2.0	5.0	5.0	5.0	6.0	5.0	6.0	7.0	5.0	2.0	5.0	5.0	5.0	5.0	7.0	5.0	7.0	4.0	2.0	7.0	2.0	7.0	7.0	5.0	6.0	7.0	5.0	2.0	6.0	2.0	5.0	7.0	3.0	2.0	5.0	7.0	2.0	2.0	8.0	6.0	7.0	6.0	5.0	2.0	2.0	5.0	7.0	5.0	3.0	5.0	2.0	6.0	3.0	5.0	5.0	3.0	6.0	2.0	5.0	5.0	7.0	3.0	2.0	5.0	5.0	7.0	2.0	2.0	7.0	7.0	5.0	5.0	6.0	5.0	5.0	2.0	2.0	2.0	7.0	5.0	7.0	5.0	5.0	3.0	5.0	2.0	2.0	5.0	2.0	2.0	7.0	5.0	2.0	5.0	5.0	2.0	5.0	7.0	2.0	2.0	2.0	3.0	3.0	2.0	6.0	2.0	5.0	6.0	5.0	2.0	5.0	5.0	5.0	5.0	2.0	6.0	2.0	6.0	7.0	2.0	5.0	5.0	5.0	5.0	5.0	2.0	7.0	6.0	7.0	5.0	5.0	5.0	5.0	7.0	2.0	2.0	5.0	5.0	7.0	6.0	6.0	6.0	5.0	7.0	2.0	2.0	2.0	7.0	7.0	6.0	5.0	5.0	2.0	5.0	5.0	7.0	2.0	2.0	5.0	5.0	5.0	5.0	7.0	6.0	6.0	5.0	6.0	5.0	7.0	2.0	7.0	5.0	6.0	6.0	5.0	7.0	7.0	2.0	5.0	3.0	2.0	5.0	5.0	2.0	6.0	5.0	2.0	3.0	5.0	6.0	2.0	2.0	7.0	2.0	5.0	5.0	5.0	2.0	6.0	5.0	5.0	6.0	7.0	5.0	5.0	7.0	2.0	2.0	7.0	5.0	5.0	7.0	5.0	5.0	6.0	6.0	5.0	2.0	5.0	6.0	5.0	6.0	7.0	5.0	2.0	5.0	6.0	5.0	5.0	7.0	2.0	2.0	5.0	5.0	5.0	6.0	5.0	2.0	5.0	2.0	5.0	5.0	2.0	6.0	5.0	6.0	5.0	2.0	6.0	5.0	4.0	2.0	5.0	5.0	2.0	2.0	5.0	6.0	6.0	5.0	6.0	5.0	5.0	6.0	5.0	6.0	5.0	2.0	5.0	2.0	2.0	5.0	5.0	5.0	2.0	2.0	5.0	8.0	5.0	2.0	5.0	2.0	5.0	5.0	5.0	5.0	5.0	5.0	2.0	5.0	3.0	2.0	6.0	6.0	5.0	5.0	5.0	6.0	7.0	7.0	5.0	5.0	6.0	5.0	3.0	7.0	5.0	2.0	3.0	3.0	2.0	5.0	5.0	2.0	5.0	5.0	5.0	5.0	5.0	6.0	2.0	2.0	2.0	2.0	5.0	5.0	6.0	2.0	2.0	2.0	5.0	2.0	3.0	2.0	6.0	5.0	6.0	7.0	5.0	2.0	2.0	2.0	6.0	6.0	5.0	5.0	5.0	2.0	5.0	5.0	5.0	2.0	5.0	7.0	6.0	5.0	5.0	7.0	5.0	5.0	7.0	5.0	2.0	5.0	2.0	2.0	2.0	2.0	5.0	2.0	7.0	2.0	5.0	5.0	5.0	2.0	2.0	7.0	2.0	7.0	5.0	5.0	5.0	5.0	6.0	2.0	2.0	5.0	7.0	5.0	5.0	5.0	6.0	5.0	5.0	5.0	6.0	5.0	7.0	5.0	2.0	5.0	2.0	2.0	2.0	6.0	2.0	2.0	2.0	5.0	5.0	2.0	5.0	5.0	6.0	3.0	2.0	5.0	2.0	8.0	6.0	5.0	6.0	2.0	6.0	2.0	5.0	7.0	7.0	5.0	5.0	7.0	2.0	5.0	6.0	3.0	6.0	2.0	5.0	5.0	2.0	2.0	5.0	5.0	5.0	2.0	5.0	2.0	5.0	6.0	7.0	5.0	2.0	5.0	7.0	5.0	5.0	5.0	5.0	7.0	6.0	6.0	6.0	5.0	3.0	2.0	5.0	5.0	5.0	5.0	2.0	7.0	2.0	5.0	2.0	5.0	6.0	2.0	5.0	3.0	2.0	5.0	5.0	2.0	5.0	5.0	5.0	5.0	5.0	7.0	2.0	5.0	2.0	5.0	6.0	5.0	5.0	7.0	5.0	5.0	5.0	5.0	2.0	5.0	5.0	3.0	1.0	2.0	2.0	2.0	3.0	7.0	5.0	7.0	2.0	5.0	5.0	2.0	7.0	3.0	2.0	2.0	2.0	5.0	6.0	5.0	2.0	2.0	5.0	2.0	7.0	7.0	5.0	5.0	2.0	2.0	2.0	5.0	7.0	5.0	3.0	5.0	6.0	5.0	6.0	2.0	6.0	7.0	6.0	5.0	2.0	5.0	2.0	3.0	5.0	7.0	5.0	2.0	7.0	5.0	6.0	5.0	5.0	5.0	2.0	5.0	2.0	5.0	5.0	6.0	7.0	6.0	5.0	6.0	7.0	5.0	6.0	5.0	2.0	7.0	2.0	3.0	5.0	3.0	2.0	7.0	2.0	5.0	2.0	5.0	5.0	7.0	6.0	5.0	2.0	2.0	5.0	1.0	5.0	2.0	2.0	2.0	7.0	3.0	5.0	5.0	6.0	2.0	2.0	2.0	6.0	2.0	2.0	2.0	5.0	6.0	2.0	7.0	6.0	6.0	2.0	5.0	5.0	2.0	5.0	2.0	5.0	2.0	7.0	2.0	2.0	2.0	5.0	5.0	5.0	2.0	2.0	7.0	2.0	2.0	2.0	5.0	5.0	5.0	2.0	6.0	2.0	5.0	6.0	5.0	5.0	5.0	2.0	5.0	2.0	5.0	6.0	4.0	2.0	7.0	5.0	2.0	6.0	5.0	5.0
pN_stage	9.0	9.0	2.0	1.0	8.0	6.0	1.0	1.0	0.0	6.0	6.0	7.0	1.0	8.0	5.0	6.0	1.0	4.0	6.0	0.0	0.0	5.0	1.0	2.0	1.0	0.0	0.0	1.0	1.0	0.0	0.0	7.0	6.0	1.0	6.0	0.0	8.0	0.0	6.0	1.0	6.0	4.0	1.0	0.0	6.0	6.0	5.0	4.0	0.0	0.0	1.0	6.0	7.0	1.0	2.0	6.0	1.0	6.0	0.0	1.0	1.0	6.0	0.0	1.0	9.0	2.0	4.0	1.0	1.0	1.0	5.0	9.0	1.0	0.0	6.0	0.0	8.0	0.0	1.0	2.0	6.0	5.0	2.0	2.0	1.0	1.0	8.0	6.0	2.0	1.0	0.0	0.0	6.0	6.0	1.0	8.0	0.0	5.0	1.0	6.0	1.0	1.0	6.0	6.0	8.0	6.0	1.0	0.0	6.0	2.0	2.0	1.0	6.0	0.0	1.0	0.0	1.0	1.0	6.0	7.0	6.0	6.0	1.0	2.0	1.0	8.0	7.0	0.0	1.0	2.0	0.0	1.0	6.0	2.0	0.0	1.0	1.0	2.0	1.0	1.0	5.0	4.0	6.0	1.0	1.0	0.0	0.0	0.0	0.0	1.0	1.0	1.0	1.0	2.0	1.0	1.0	1.0	0.0	5.0	0.0	1.0	6.0	6.0	6.0	0.0	2.0	9.0	1.0	1.0	9.0	2.0	0.0	2.0	1.0	9.0	0.0	7.0	2.0	8.0	1.0	4.0	0.0	0.0	8.0	2.0	1.0	9.0	0.0	1.0	1.0	1.0	8.0	8.0	0.0	2.0	7.0	1.0	0.0	6.0	0.0	0.0	0.0	0.0	2.0	1.0	1.0	6.0	0.0	9.0	1.0	2.0	0.0	9.0	1.0	0.0	1.0	7.0	0.0	6.0	0.0	0.0	1.0	6.0	6.0	5.0	6.0	1.0	1.0	6.0	1.0	2.0	2.0	1.0	5.0	1.0	7.0	2.0	1.0	1.0	2.0	1.0	1.0	1.0	2.0	1.0	5.0	6.0	6.0	1.0	0.0	0.0	2.0	1.0	7.0	1.0	1.0	0.0	6.0	1.0	1.0	1.0	2.0	1.0	8.0	6.0	6.0	8.0	2.0	7.0	7.0	1.0	1.0	1.0	1.0	2.0	1.0	0.0	0.0	1.0	7.0	2.0	0.0	8.0	7.0	4.0	0.0	1.0	6.0	2.0	1.0	9.0	2.0	2.0	1.0	1.0	1.0	2.0	1.0	6.0	0.0	1.0	1.0	1.0	9.0	2.0	6.0	1.0	1.0	1.0	1.0	6.0	1.0	2.0	4.0	8.0	2.0	2.0	9.0	1.0	1.0	1.0	2.0	0.0	1.0	8.0	4.0	2.0	6.0	0.0	1.0	2.0	2.0	1.0	1.0	9.0	9.0	5.0	1.0	1.0	1.0	0.0	9.0	0.0	1.0	7.0	6.0	0.0	2.0	0.0	4.0	6.0	1.0	2.0	2.0	1.0	6.0	7.0	6.0	1.0	1.0	1.0	1.0	2.0	1.0	1.0	2.0	2.0	8.0	0.0	0.0	1.0	1.0	1.0	0.0	1.0	8.0	0.0	1.0	2.0	8.0	2.0	1.0	6.0	4.0	6.0	2.0	1.0	2.0	0.0	0.0	1.0	1.0	1.0	1.0	1.0	1.0	6.0	6.0	2.0	6.0	2.0	0.0	1.0	6.0	4.0	0.0	0.0	0.0	2.0	6.0	2.0	0.0	1.0	0.0	6.0	1.0	1.0	1.0	2.0	6.0	4.0	0.0	6.0	1.0	9.0	2.0	0.0	0.0	5.0	1.0	0.0	2.0	1.0	0.0	0.0	2.0	7.0	0.0	1.0	2.0	6.0	0.0	8.0	6.0	5.0	1.0	1.0	1.0	1.0	6.0	0.0	7.0	9.0	1.0	2.0	1.0	6.0	1.0	7.0	1.0	9.0	2.0	2.0	1.0	1.0	1.0	1.0	0.0	1.0	0.0	9.0	1.0	6.0	0.0	1.0	6.0	1.0	2.0	0.0	2.0	0.0	1.0	1.0	0.0	2.0	2.0	9.0	0.0	2.0	6.0	7.0	2.0	6.0	1.0	1.0	2.0	6.0	1.0	4.0	1.0	1.0	0.0	6.0	7.0	0.0	1.0	1.0	2.0	2.0	1.0	6.0	1.0	6.0	0.0	1.0	1.0	0.0	7.0	6.0	4.0	4.0	0.0	1.0	0.0	1.0	0.0	1.0	2.0	1.0	8.0	1.0	2.0	1.0	0.0	6.0	0.0	7.0	2.0	4.0	0.0	4.0	1.0	7.0	4.0	2.0	0.0	1.0	6.0	6.0	1.0	9.0	1.0	7.0	2.0	0.0	4.0	4.0	1.0	5.0	5.0	1.0	9.0	0.0	6.0	4.0	9.0	1.0	1.0	4.0	7.0	6.0	8.0	0.0	9.0	1.0	6.0	2.0	0.0	5.0	1.0	0.0	0.0	6.0	1.0	1.0	6.0	5.0	0.0	6.0	2.0	6.0	2.0	7.0	2.0	1.0	1.0	1.0	6.0	2.0	4.0	2.0	7.0	6.0	0.0	0.0	6.0	9.0	2.0	0.0	6.0	0.0	1.0	2.0	0.0	1.0	6.0	6.0	0.0	0.0	1.0	8.0	1.0	6.0	6.0	0.0	0.0	5.0	7.0	7.0	6.0	0.0	0.0	1.0	1.0	5.0	1.0	1.0	6.0	1.0	2.0	1.0	1.0	2.0	9.0	9.0	4.0	6.0	5.0	1.0	8.0	0.0	0.0	1.0	1.0	7.0	2.0	6.0	1.0	2.0	7.0	2.0	1.0	1.0	0.0	2.0	4.0	7.0	6.0	1.0	0.0	1.0	1.0	7.0	1.0	6.0	9.0	0.0	6.0	4.0	0.0	6.0	0.0	7.0	1.0	1.0	0.0	1.0	1.0	8.0	1.0	9.0	2.0	1.0	2.0	1.0	7.0	0.0	1.0	0.0	6.0	6.0	0.0	7.0	1.0	1.0	6.0	0.0	2.0	0.0	1.0	2.0	6.0	6.0	6.0	0.0	9.0	2.0	5.0	1.0	2.0	6.0	1.0	1.0	2.0	1.0	4.0	2.0	2.0	5.0	7.0	8.0	1.0	6.0	1.0	7.0	6.0	1.0	2.0	1.0	1.0	1.0	5.0	1.0	8.0	2.0	6.0	0.0	1.0	1.0	6.0	5.0	6.0	0.0	7.0	2.0	0.0	0.0	3.0	2.0	9.0	6.0	2.0	1.0
cd3_z	1909.95	688.9200000000001	3781.0	294.595	379.77444850826345	1210.78	389.96986969130637	175.31	328.57	435.4225	503.54	2699.9	420.7715538119931	814.8299999999999	656.075	130.82	512.215	2813.7000000000003	49.42	23.995	435.74	441.7622068577862	501.17764349485964	1525.8520201707943	1475.1364457691093	2489.6000000000004	383.34	989.2994736859914	2691.25	827.7764361922538	431.4450890645249	1078.25	1647.15	223.7	1476.9	440.92	726.9669419582807	347.816930001331	467.8933088482003	1889.45	449.41	1004.8055178462721	1437.8802783924884	74.91	487.575	1959.8484327347805	392.64	945.2208070059658	789.6	226.745	134.21	2121.6450679581167	1221.9	622.1997926210954	841.5030783737925	1242.75	66.22	302.82	889.7086601897219	1376.7	634.0350000000001	173.8	557.505	252.2	180.39	669.9619711088877	2480.7	621.0968710367309	604.23	3843.9	1580.6	2601.3	1236.355	709.1688977370809	1164.6519181280707	17.12	2989.65	525.7281066065816	181.9568636679154	897.3594701541768	163.67000000000002	377.40195977174574	2863.195	1324.4885407362492	490.8930045826673	4764.65	310.71267082936106	1024.8673202392242	685.2401104505677	503.6	738.77	448.665	394.32	10.12425	26.735	1227.6313309702678	453.61	1305.4639936384497	263.875	551.3199999999999	986.635	487.375	601.3488611142816	263.30858192473363	998.34	355.895	219.63	147.765	3092.15	924.09	642.26	728.9330479062744	864.005	502.92	1606.4356950794709	52.03	570.275	314.92	2358.25	274.795	468.62683275729995	2663.65	839.1727469981737	362.39	93.035	3502.3	1167.4084001975764	284.505	809.7676264223717	337.51834727632365	565.4515919832952	1290.0898630487936	582.415	616.4200000000001	853.7843394950527	2239.45	1587.0186523237965	927.1066038338363	13.82	650.2750929023773	479.7627244371964	1670.413535933169	1223.060991250415	1274.3597967982773	64.92	912.98	196.5	243.01024485342032	95.585	700.28	121.26	1954.0	1582.35	753.2950000000001	735.22	966.9857313528804	996.485	29.695	705.2331857173484	1133.9	374.73	790.7256495585534	25.88	151.33	624.1713683980998	1906.6867961452208	1393.7	210.21	1933.95	131.14	552.9253434556817	477.11	205.45	744.56	601.0437693562468	389.87	467.3875338817451	3171.4	884.7981849627574	790.9808326695006	590.0982447305742	1091.485	429.7163396862982	294.4125803773254	1403.3458752587508	889.2950000000001	2559.7	559.23	378.47	629.41	1930.6	3644.2	297.09410028240904	495.4	3640.2	511.73	4271.1	232.50760633112088	732.7201959691449	242.225	337.28	1958.205	747.335	709.39	134.02	398.18	282.87560569141795	3640.15	1066.85	860.4381243316129	1108.8957120759405	658.3050000000001	1370.8000000000002	77.41	117.23387906110497	675.2149999999999	625.98	1279.3309361133115	944.57	585.83	733.96	198.545	4827.05	1318.105	192.3881960254945	643.2401275853126	99.68	793.0699999999999	391.7000000000001	781.2422414026457	2580.05	773.14	277.9795135640544	729.4819863420735	71.67999999999999	198.1010781636861	103.98	131.375	314.79866144147434	289.22	152.98785567665948	77.795	468.3660947940932	773.9183387448319	500.5418963219625	550.865	439.9450000000001	575.2844456920659	879.005	757.9079225017024	512.5767388121801	812.536153452134	266.065	67.325	1088.655	701.07	460.13386042749937	680.605	923.5765058507527	829.6045706631407	934.5715813173406	1013.77	361.69	64.96	318.85245658334827	1002.6356536823573	310.1011836234753	1001.0850705221415	35.5545	84.83	149.444993578339	52.01	120.49763817446251	134.26	345.69418288783265	752.17	274.31	394.19314450926464	431.295	1037.443704142589	275.595	1036.235	194.07	673.745	1687.2	688.6949999999999	900.4112981918153	699.635	571.2462098047356	725.025	25.05	16.2345	1169.06	1145.55	1007.21	1477.8030015823915	48.885000000000005	991.85	278.075	99.00546132465774	2248.05	2569.55	616.7950000000001	312.305	1784.9499999999998	1678.1	25.630000000000003	186.5	555.665	172.875	514.1700000000001	882.9150000000001	302.945	1291.4155172041192	330.495	3337.45	1151.79	1431.5	788.3203985301371	176.05	11.69	575.3542214383067	746.9200000000001	4800.35	1069.645	3142.7	1446.8	169.07999999999998	831.0899999999999	1723.2	1013.51	639.535	1009.37	214.675	2918.8	662.86	311.645	16.941499999999998	352.1	732.0999999999999	199.32	1354.1369695092394	706.055	72.94	661.7302185407042	191.38	202.025	1623.8	269.1	687.03	972.6845421433837	941.835	494.74390591165024	1069.0061196120143	662.0550000000001	907.87	193.075	1081.5038995217974	80.055	96.51	947.6	421.87022423391403	642.907686682224	49.109511042096756	1228.605	394.0632289849886	1087.3478166570417	547.385	828.9749999999999	1142.6	556.0246959468043	1352.2484897874656	966.6507964344916	166.565	291.17	443.99	464.9497472900939	231.313426459634	350.305	1473.4	3737.35	331.960660908406	429.96	525.31	1515.6	958.51	174.0	1431.5818694804002	503.07465388260346	491.3083998355718	96.395	342.34494706827604	683.145	352.19	1082.585	864.8399999999999	591.6089944986936	562.2940269077785	559.6207825989185	439.63	2122.777464268757	997.48	1280.162690215941	942.0966135556313	890.1700000000001	1417.32	538.095	46.485	1173.015	705.067673792878	641.5814940463223	125.69936054043706	908.455	477.24478926294205	784.63	175.91	1477.845	73.685	185.79	2252.05	2520.65	647.725	950.455	275.415	1122.291720098429	878.8899999999999	78.53	485.13925460285134	3070.65	430.33	365.905	1444.0191836896936	58.79	1122.31	107.29	773.1805920143715	193.22890591033843	446.1950000000001	196.24	408.72631014433017	180.09	1073.9925	64.81	455.19	102.755	2070.8	8.279499999999999	164.47	843.155	726.6334524351228	429.635	633.99	109.29	905.7874103264966	1356.85	506.715	572.175	642.9889689081455	1472.5	1782.0189067895299	660.3164519584645	127.89	1227.1	640.922620549732	818.4323882265176	668.76	3855.85	598.9411160705652	20.165	145.20499999999998	846.794712825449	990.395	359.155	584.2557021378532	1980.95	124.0656671544491	80.285	1268.4514178698464	565.840941780962	1231.0745741619937	70.26	403.35	347.99	230.5533186147204	409.14	1543.933404368859	551.025	432.8326118039462	1030.985	39.161	763.1047560308668	2380.8500000000004	1538.95	862.2021866992044	284.095	350.095	1781.15	994.0	868.667744233304	1015.3793633395018	65.705	208.94471659612725	626.5814657517019	370.32791210128306	522.315	806.5450000000001	424.285	380.33	246.14	231.49106836761007	2054.62	321.61	519.635	520.9062397754832	396.305	2236.74942891638	459.2764293037106	712.19	0.0	2694.3	2015.45	569.1700000000001	136.32	115.32	1770.85	829.22	59.425	2373.002586163338	1732.0	1660.25	390.4880580520968	3047.2	28.145	396.355	539.6397522923946	985.4573793485375	1479.5897368163487	695.2049999999999	3965.15	342.15	329.645	1269.85	1276.6470072161767	2718.9	607.9124858806841	71.625	3220.0	1893.065	413.26	1553.1	2652.0	78.9	619.1711511319513	179.85500000000002	633.91	3038.7	1592.065	462.9554419645578	84.17037813284867	837.255	540.1112628895544	322.495	546.58	3467.4	305.775	618.115	372.6307951380578	397.775	394.90915362909675	623.1876494086536	1978.05	487.96817648039564	53.865	250.985	1011.8142676616013	797.2978333320091	379.585	77.985	435.55	335.735	318.88	268.1898233246276	278.4	690.8399999999999	264.9	175.39	952.305	26.885	671.2950000000001	1792.020474965145	155.93	1245.825	1234.109025573144	822.3894410817169	564.3996843482537	184.45	173.885	593.6700000000001	634.5656589602538	2141.8382029294926	162.255	1724.3	735.8285609246478	118.4	231.20924463868312	4844.35	542.3677799146111	849.165	189.88	464.25	241.225	303.1457150441058	941.495	4884.8	4184.25	301.1566244778338	185.83	213.03	150.065	189.5	406.9386679957184	1060.44	335.2121766739259	2047.65	881.8212446941982	773.2427440092968	1333.05	222.0504269058847	529.226699933323	704.81	544.38	418.995	2512.3653270323657	362.7693452765832	223.055	425.275	796.1076495532191	430.8846158079622	871.63	1532.4	139.29000000000002	1065.6055014090564	721.27	369.18055169884155	406.9650252028686	1703.9	539.42	529.49	249.87	466.48	1683.0	552.775	808.085	382.3581349949786	590.775	578.616818567263	385.185	8.07	105.27	632.61	308.175	624.9071595938361	538.09	2266.0	1322.4024953251806	3247.0	1374.05	970.705	1910.55	431.66	184.45065223949018	2411.15	381.4142635681702	1107.265	1553.6	1324.8000000000002	494.245	255.94	1299.145150805549	557.69	787.12	1495.4	601.6876787610356	1435.135	872.34	406.25	429.185	549.29	1576.9023594443702	1349.55	996.7304489552178	3809.55	1646.15	2873.6276377521804	136.505	58.93627141803165	211.09	388.64407383056596	93.74	714.655	0.0	489.135	1338.3496826122323	245.72	921.475	698.8199999999999	-173.31981033132695	1043.920831923806	42.010000000000005	292.90500000000003	899.935	2946.8900173826755	1410.05	602.7925	846.6875	-30.105289559744506	47.30500000000001	406.7187411919701	33.87	2928.15	463.09045888376613	243.36	55.61503658843685	173.37	281.21	973.125	619.1600000000001	1490.55	-7.948457632426312	444.665	281.67499999999995	1173.5055590795855	483.3723014447983	783.695	924.11	381.09	1850.2	509.1088955604474	345.84881183644734	780.1077761929497	98.73	475.56500000000005	554.4308217823711	442.24797301967357	462.455	455.37	250.27	2309.75	329.915	20.144	1181.425	1420.205	186.705	1108.4928010700787	136.04500000000002	383.29	139.02	517.5397442364057	1449.8304660679128	1411.42	167.67000000000002	1747.7326581781656	881.1899999999999
cd3_inv	1445.4037443276914	399.36	2687.5	795.895	1742.15	609.115	172.835	460.9454182995565	881.235	282.8666666666667	686.605	393.83	280.95	515.605	158.19	431.92	385.675	2060.1	244.39	272.055	677.5899999999999	523.49	494.415	995.2713856225728	1137.298885146778	586.155	254.33	738.6357498932449	2379.95	487.5592811117008	152.385	1236.395	2824.05	173.9	925.64	781.355	640.6355440322392	383.21	307.045	1378.9994623940242	310.14	987.495	993.6196594934527	26.545	266.885	5.543	240.41559783360867	361.04261544775306	489.30161024280795	492.7717561724815	685.11	455.445	134.325	184.995	499.02	228.145	428.3147122213222	409.505	401.0319988371259	185.525540188278	339.5752522548259	162.39	448.3124233870184	468.275	239.79177512298992	941.105	690.59	679.1	612.895	1357.0	1229.255	1438.2217060706244	2506.1000000000004	742.8217463484069	931.6085757771464	172.755	1804.95	651.8960714227499	49.992	960.2083069290296	149.845	389.82	1638.15	779.055	297.745	3053.9	215.73	1043.34	719.5657004264492	494.63	696.03	1168.3047761312666	102.115	204.76009892794832	145.015	777.28	516.1420088674604	828.1457411180472	230.76000892533705	966.31	421.885	621.5126019256145	530.6258451505192	852.92	939.125	171.575	216.315	631.04	926.8889538719355	940.42	312.16	710.845	722.255	529.24	411.66	174.69	113.77	55.095	220.96	166.955	245.24471330631127	1401.4	927.85	223.19	313.385	1457.38	724.2814630702755	271.46000000000004	1408.0616444027478	217.4500297407144	265.1702779865677	396.81568500585644	1500.825	711.5999999999999	579.6315388203136	803.335	25.99	1176.9314048061833	217.06	829.32	1089.1	4017.0	1150.65	253.26	83.93	205.695	218.33	189.42	152.705	145.41	423.00582167686076	1690.7	1301.35	817.245	519.2645193254402	634.755	39.0	404.28827186083856	1083.45	76.27000000000001	505.865	496.62	384.51194453524005	358.6913533724441	1046.035	526.3581248253084	1000.07	862.355	2988.45	470.7279193487076	962.09	495.76	147.5	567.3000000000001	499.2497670202326	268.555	289.56	1277.3393085428402	267.1318773280657	1673.15	1244.25	382.89188510833486	387.79	283.2958605111242	1209.75	676.39	307.58500000000004	476.8669568322242	374.0515911160891	640.0572445650162	656.4680789389704	857.0613278092464	1120.42	291.95500000000004	1453.8089702908167	226.6	242.275	520.3	921.335	305.01	317.98	673.9189087692355	611.1750000000001	587.435	194.515	137.53	146.8	362.37	438.28868547588036	1341.5064644053678	1067.8167809260758	411.925	278.2887472223956	367.035	274.27	685.275	134.01999999999998	112.135	247.48	581.3565626081961	557.3366141103834	58.425	33.58	821.61	399.355	241.008999373804	430.245	422.04	147.435	785.595	1253.0505327666888	957.735	649.865	884.4200000000001	239.575	24.455	583.0799999999999	223.985	149.9030290033994	522.595	607.4073412562525	267.47103940923824	639.835	635.7750000000001	205.8415	337.975	385.69	350.185	612.4921587442482	1569.635	278.035	638.4076179118324	424.23	183.415	1044.675	487.16356056417646	572.9314270081001	830.4795657482748	779.08	985.95	800.33511097118	672.6182716317765	342.845	48.97	243.685	1737.05	424.155	805.5	358.18151569244424	297.7520308910561	307.88348843046765	145.03	1877.55	328.86	165.64	467.725	664.81	246.15	871.1949999999999	486.13	371.283415581106	511.79519727348736	116.6394795449047	494.505	1245.236594714052	496.6	642.0150000000001	662.0434189283503	53.285	430.48	322.3540767844712	133.95499999999998	1213.73	406.9197597175481	596.900006755359	973.6086249119259	398.975	385.37	686.975	117.46	1314.4	1585.6	32.25	211.29	501.83552876283795	691.5297493323629	184.845	178.76	204.46	176.715	235.655	807.73	142.24	583.2	847.0821082238087	3200.7	1647.1	1048.1	696.7562625743774	235.01	24.63	182.85	140.555	1295.2	631.1861614043177	1500.1815531382338	712.2282867963122	100.545	912.96	919.125	543.2149999999999	495.015	886.625	239.06076119152425	1359.0	456.5919449976682	102.82	622.3316145653212	340.0352686631646	226.245	1213.982201265459	1607.47	600.015	576.615	1138.6476828468428	1491.475	388.11458862716114	596.3692592386163	226.54	1064.74	734.775	964.535	509.465	790.615	1684.9782365501824	555.255	330.595	1724.1909742524545	160.50552402033532	116.355	1413.15	11.256	583.3037534114693	243.215	693.0550000000001	401.23811547693043	1731.4	474.88595738948845	671.595	227.04590860976782	693.52	715.62	735.02	820.8152203740748	526.1364012947222	172.305	455.21	26.245	346.23	1035.35	697.75	300.665	372.08727425068236	1422.2265868037873	1317.2	1839.2	608.31	1636.685	64.525	407.135	220.03922613159335	266.515	990.735	159.82176481017262	483.775	527.6731044500639	628.7679614310608	511.135	514.0683494081122	456.73	3303.6	699.322520421429	675.71	507.185	623.0834486929838	387.125	313.45500000000004	8.804	3298.0	901.615	208.61279296286608	91.025	574.53	272.55	728.6275575398838	913.125	1346.6	100.14	473.895	575.5721997381647	2493.2	566.1836830407074	85.145	251.72	280.35	962.825	361.035	401.615	2478.9	1600.65	185.48	3517.1	391.025	396.81	499.22	717.8395254652444	865.7249999999999	696.19	169.16	422.68917352640483	117.245	654.0889150643618	167.175	490.7584861333288	46.48	522.8342323116609	24.89	1438.65	685.9389746564073	319.655	441.015	544.225	327.1230292973041	753.1693602687305	416.9349487513897	151.65	528.4715469435164	908.6232867642195	594.495	1828.3	1426.35	585.076890582723	3026.25	334.89	808.3184224757712	195.185	1797.436622626511	428.6527231291723	-159.81988920487515	206.345	540.0935286035141	497.41394751798543	264.9	581.367847881095	882.6184135113584	613.16942609174	83.8692361626313	252.7	224.41	288.305	104.375	621.9956229287088	394.5190753558243	111.795	319.65	769.8781032011864	1540.3	242.035	1034.98	512.0973330914026	2413.05	299.1421953439548	624.7922333883417	530.65	455.565	463.94	504.92	1179.65	1410.8000000000002	422.18	201.55	166.64499999999998	227.44772471439313	335.8407705099407	175.535	504.4	249.76	183.665	79.015	299.975	1740.45	744.7099999999999	381.75569591074554	1253.15	376.585	1398.3	248.26	565.0799999999999	306.4871340619989	1308.695	559.0211392433473	486.71750920925797	111.065	46.035	862.4805611474212	356.90159967478974	91.795	2837.2	1030.5564331787218	175.37	134.38	412.515	143.1	480.375	848.585	382.6575	907.1693926013207	1113.4979049122553	2904.05	423.19825633865224	192.555	795.1500000000001	122.01	518.4096504674925	547.3002887794735	1078.25	1117.752264078248	470.0244203468185	64.555	1029.8822607890152	657.4215854225451	226.465	244.59	208.29	482.24	1975.05	843.665	428.475	310.525	371.695	151.33499999999998	734.5	450.955	577.2195287626269	345.25806654045994	462.34	273.77509098343893	202.075	328.605	930.46	1030.795	412.1189491058858	302.3421552333353	675.9300000000001	484.31	621.9710708550606	231.01198378110246	183.555	1385.6	879.98	184.33	827.545	379.7760552299642	659.24	578.62	137.89	850.025	75.43034309774703	360.561764689447	1362.6999999999998	36.29	648.5848534625062	2085.9623259387636	161.765	343.995	489.06	249.46	285.015	502.96	1696.85	35.7	1142.1555532924447	625.7	224.16978698618533	145.33109697395412	2810.6	297.725	366.364244385537	412.15941001741675	640.06	1220.7	202.715	250.265	1657.1917810430873	2072.345	433.935	397.4501890951722	391.9252365282679	495.3156604982139	169.59	359.41912137257424	1564.6999999999998	2531.9	1357.7	652.405	802.9564081132316	269.965	534.15	561.418070817679	537.7782925916904	557.0600000000001	517.525	1010.53	160.97	628.81	734.885	171.015	396.6157771533157	431.6114084131782	275.37	497.20673631993986	1713.9	405.105	630.49	259.16009642839305	655.0998433942801	317.34183039502597	279.71500000000003	266.16036253067176	347.46500000000003	630.905	93.53	492.265	483.83	619.635	625.2850000000001	247.575	488.9483132629709	314.7784504812806	1102.666005585352	464.73	1473.49871428521	638.1948584358064	658.5525	381.025	2185.05	1439.55	482.3573364560667	692.5961533652007	216.58517775674068	149.57	272.655	868.8	486.16	417.965	2226.15	277.635	933.6216570993608	791.5550000000001	559.635	751.0799999999999	269.2	597.6850000000001	1458.4499999999998	408.5750000000001	165.185	447.0181460103737	271.48	2214.1	892.9243398600534	1014.11	890.1800000000001	889.29	1667.4	452.42384834408597	179.27289510801876	293.395	625.47	64.74000000000001	470.445	484.64941689958414	561.635	1080.495	245.62	711.005	677.9988321514089	308.9890677406955	922.5827730347378	375.57876406605624	422.58	497.495	1430.4018045627433	666.505	688.94	762.0125	142.8233508135637	22.205	473.2441388996191	67.97999999999999	919.365	339.96853835384866	517.13	202.675	380.7359073205829	283.365	1301.1999999999998	604.5165185831912	874.4990559660832	427.78909780529625	899.1700000000001	600.775	801.0112082736555	417.54775039282276	549.3970094486587	257.135	861.595	188.085	184.22	111.23	692.15	164.895	580.13	474.9136610360031	387.9314199670309	306.17499999999995	399.9369499320447	185.095	1985.95	546.335	309.345	576.7994448583925	1100.255	74.48	475.6	526.625	323.5863229035589	502.195	507.34	991.9629134937787	1142.9310289345292	273.2565723242859	1111.8	605.74
cd8_z	5470.5	570.21	1556.4	119.855	110.115	828.9604121236532	-19.575079148244868	69.3	338.355	528.5125	220.821	1264.3000000000002	246.09	535.665	327.2707288141084	25.6135	458.36	1922.875	51.83	356.1032768380709	179.04500000000002	1084.535	197.78	1030.858049544829	870.77	2250.05	470.34	909.985	988.195	703.9536586918866	450.41	515.1841920527767	970.9849400003129	578.67	1796.15	419.29004321805223	2770.15	187.97	364.3305374249322	926.7	418.8250000000001	1427.9274959468157	1372.95	470.62076200292046	202.115	2677.4	94.17	432.3751570317372	282.56	233.13834977833454	211.765	743.5	797.2596792362278	74.41	659.69	841.965	73.47	179.2795	167.33	227.55957174903108	309.095	648.6800000000001	82.095	125.18	54.345	811.975	2714.4071215635636	422.225	800.4749999999999	3782.05	405.685	2042.9	668.9549999999999	483.675	1201.0	248.29	2333.95	72.54	155.49499999999998	263.37	255.21	252.73	1438.8049999999998	714.5150000000001	48.258	6030.5	281.3150258787574	555.81	688.0868465087058	414.46063739493644	518.985	171.3	22.612021382145826	110.86092381756339	9.4005	1281.8	246.185	789.1035504642507	167.275	631.87	170.87	299.125	380.43493465984756	16.40855	976.62	745.035	71.33	591.5450000000001	1196.0848280769726	877.7833685294551	218.755	650.5113056287425	352.1001496727011	454.925	1390.15	145.86735678300886	1155.9	55.94	1794.4	765.2750000000001	114.606188174767	1316.1649116439467	909.19	133.39	36.13446413178565	1681.8	382.29	30.365	1226.303794516069	162.4389141414904	68.83	634.755	81.39500000000001	156.23000000000002	1007.1248516500751	2514.3	790.1230399495189	633.795	72.035	475.745	304.75	490.91	418.915	700.42	40.45	157.56969791992094	53.015	58.905	5573.25	170.16500000000002	63.77	1589.25	236.77	477.95000005888653	228.93	17.94	225.075	29.86	1107.3000000000002	101.62	615.515	241.145	293.055	67.435	631.5483235311946	3003.75	995.7696806055609	214.03148741886173	2458.6000000000004	56.510000000000005	1530.0500000000002	643.635	65.235	416.25	959.14	423.505	55.955	2248.6	193.46334925732293	686.925	464.8217228319048	533.8002369061796	436.37	99.8895399164312	1472.35	581.96	1456.45	50.75105416940892	326.48	426.665	1210.012293730667	3618.3	230.345	188.905	2398.65	32.315	1589.85	391.58	378.1	292.42499999999995	136.975	674.615	113.72	303.57	100.395	63.81	21.56	2933.55	911.25	1120.8322910068155	335.4677856561535	614.48	720.645	938.55955673836	140.84294387441923	292.775	401.44	952.3499745631528	1530.0	923.535	578.48	77.515	5.49795	616.738868612025	87.025	78.41	250.1922090496338	288.13878364152265	92.64457962243227	799.69	1143.64	795.9154595773425	759.8146996981185	634.475	7.404	75.57499999999999	415.52146742432086	237.805	119.46614368867472	50.1170682517876	-3.9606744713030366	172.44	699.53	871.625	110.69	109.01	770.435	139.07999999999998	664.9716012661529	259.66	13.015	852.3955775601971	316.94	76.03999999999999	731.5999999999999	477.8	355.845	337.42499999999995	1211.005	497.47	670.7802670492279	669.4000000000001	492.8029776429432	4.2035	86.92	971.375	129.91	1026.2553713920515	-228.19412754578718	23.67	46.43513861939675	39.5375	216.705	86.11500000000001	92.85	450.39	73.525	84.37657724410542	138.885	1086.015	151.04500000000002	820.0550000000001	147.865	288.5730256749236	453.5431122929731	297.185	820.3499999999999	638.4472979324822	725.7429661898175	388.935040176753	47.625	10.5875	265.975	1062.565	443.4372053897756	948.4931293231174	64.0	1174.34	239.98	119.09	3713.0	2494.705880107696	367.84	368.5254251058484	2985.5	673.8681741770174	13.024	287.18	544.44	100.5454534866767	1507.85	335.255	73.81	583.875451216551	330.265	3293.5	723.1772445541787	734.3148222326793	364.08	33.13	42.35	7.117	337.865	3967.95	868.63	2213.948899483193	1049.1825151630335	395.055	995.68	1012.4922300768944	368.2882924450054	644.01	648.3040305937535	165.37221668210316	1446.528851401859	243.72	231.02	402.965	94.625	408.0582950532361	670.8768857686034	1951.4320002700115	670.345	68.68	346.2573350301237	37.31	79.405	578.5200000000001	170.45999999999998	721.48	1259.67	462.195	241.645	484.6	1399.76	1014.9081571049823	34.945	786.283146062301	47.740685509864306	596.2968676755335	1763.15	276.4309605914545	1042.6799999999998	33.133994849396686	742.1949999999999	1087.3000000000002	1477.75	256.7120931894425	697.6127350665173	546.6873498711382	326.71000000000004	1186.0	519.035	677.935	232.88	456.845	66.87277531434654	31.175	197.115	2899.0	3306.2	177.0919083402665	105.615	409.12	1035.5332432963946	2772.15	194.2116570143541	1067.8569450526713	533.79	101.53	59.795	251.435	1539.35	212.34	860.625	827.47	488.2667211175321	313.72	570.3161119980235	437.4052115208563	1768.75	598.55	1284.735	814.01	766.2591942264169	688.7790178783451	456.535	60.70269577859813	2479.4	1333.9	6.387	-18.781000077483554	368.37	192.565	456.785	79.61	469.435	774.175	78.975	910.53	1893.8416817753318	699.36	459.055	529.34	738.415013855509	987.4006886135094	84.97999999999999	173.745	3437.0	536.115	378.835	4365.5	102.09294967042058	706.835	205.04519474971738	578.8967430936194	255.56669267457278	527.0	377.5750000000001	462.04734255036	590.9269611819675	740.4466666666667	33.04	136.93	42.02	1543.75	18.53	882.8245731234887	638.375	510.68388729762694	184.71889943653912	756.185	94.09	578.8864844648734	610.2245861359025	109.67	1197.1799999999998	129.54168717968253	457.54866108017393	1486.4	782.3499999999999	145.82999999999998	1396.0	343.715	720.2725224734185	311.155	2587.5537351238436	653.625	-75.86804701096219	144.045	307.22	411.64	97.64	340.24	1663.6999999999998	-102.35952539376888	167.51282393585802	228.24	62.120000000000005	637.9586891584122	179.01	760.74	188.14610638577562	42.491673829249635	50.8	1126.1783804505044	476.285	1355.64	810.9525802126693	428.33881905268413	80.491	915.9066017644823	1058.54	1314.165	317.61	93.97	1946.5	770.9603339261723	513.7339599107096	285.765	427.505	187.205	348.77787079906824	192.0313458070612	696.77	427.8	624.2069906716877	453.0633384469021	69.29	697.635	665.1500000000001	908.875	224.49	452.2213059416397	214.45	3829.6	43.635000000000005	232.74	232.63316220865175	2085.4757407620014	1093.469880324147	522.835	393.9	30.775	424.2000000000001	176.24811949389584	7.2295	2406.95	227.59	123.96823139616174	-23.4516965313627	752.1423763733926	25.92	314.0974786102638	449.56936392432317	1084.69	1004.23	1204.0107164963952	718.4	546.6163777236274	269.84000000000003	712.01	302.70500000000004	972.335	502.23727035083647	1475.270468856626	3460.1000000000004	1284.35	560.0	715.659445982943	885.0404103213804	166.3859980587696	145.355	354.425013075449	296.715	1685.4499999999998	1983.89	317.74	50.09	616.445	182.755	844.5699999999999	278.50104808859015	2860.85	129.6814493539332	159.195	355.345	365.0236801044269	98.63	646.64	294.98	447.2925870122209	62.805	979.925	129.595	340.46119648305955	333.785	37.8795	462.745	308.92	203.45799461243547	322.02	183.13	315.46500000000003	137.41500000000002	31.295	487.975	218.0074179082825	666.065	2687.45	40.27	228.23	2366.5	854.475	722.4300000000001	112.95320507961242	114.225	197.23	722.665	1579.45	125.81	1280.535	1051.06	-195.54725902559198	11.8845	1920.9	356.95000000000005	542.1162725526945	190.795	315.42499999999995	16.36	276.40637181593894	1117.46	3995.2	1071.65	659.425	511.895	62.03	62.93	111.59	135.23031636193855	576.288736215238	399.9871093239491	851.1322493843998	499.795	397.035	842.425	359.36219437566206	530.84	405.945	123.88775903992905	226.67	2793.3	175.045	72.94500000000001	147.595	13.275	47.53	171.03	1087.265	136.625	814.35	589.51	302.6432871829647	141.235	699.3793614147446	441.5254813159008	301.395	286.0886545660717	302.63	1290.625	470.37	784.16	118.17794731945844	537.25	240.43	197.195	206.94555582884647	43.08	268.195	58.88	1267.224200550205	251.17	679.195	1549.4837576040468	2940.55	866.3140087016754	457.04240906133464	562.04	77.245	30.21	98.975	462.5390648382128	545.215	695.0291506434709	799.52	239.39305302202604	410.89936307443674	439.6905040262107	138.0	1883.645	1164.6799999999998	287.31	1409.56	274.38	150.9122071154036	53.1	130.785	1162.2419444845154	1119.02	723.345	4445.9	2368.4	3004.65	47.085	-0.8422642223720231	300.3035747144834	212.095	265.4619717009245	345.95000000000005	678.0641928351624	496.485	1414.15	45.805	753.04	566.9096884185681	159.9268141321113	1374.15	20.175	278.3123212531397	436.3285211990398	4809.85	611.0	323.5921255853316	444.61972856897887	-99.87648484636259	178.865	368.3358733223017	56.74	2289.75	302.59687719974056	553.9549999999999	16.01	68.86	406.1931140187299	701.6700000000001	322.08	1068.91	83.93664040771705	46.705	410.545	630.595	230.13021646201867	873.2049999999999	495.06639571813116	830.615	958.2628831826869	517.8102945668188	231.45407187797832	1192.3	10.614	127.43	405.5133567873784	161.765	178.901365461429	251.18800123555508	45.76	1724.288981871105	383.7737124954064	891.37	715.28	933.8488369961958	33.655	413.695	383.21809664693365	103.66	55.575	364.23058564913526	2890.7	1487.485	66.275	2246.15	323.375
cd8_inv	1684.6175932513809	215.01826845892816	2005.593381573575	235.2368427789471	80.53	1013.945	55.285	84.80499999999999	235.19	332.4433333333333	155.10159749541805	453.9109153693994	88.345	397.33	197.47	195.34125951583866	228.725	1614.843582850575	188.28500000000005	54.89	363.95	450.36421116972554	249.935	903.9672724259653	508.89	1494.8	188.965	1152.3	891.635699753728	521.778566752651	140.885	1799.9499999999998	1241.35	146.395	1223.35	250.02076806633931	486.22101673432064	281.97	760.3412010185305	683.715	218.975	2294.7	1184.7	23.39	121.98	1079.0889130783883	53.49	437.45570746678175	280.36	182.96516419051784	248.19	779.645	170.04000000000002	708.1793463101867	680.6383384221688	591.0086123221138	169.73211799792892	462.365	158.735	527.53	383.6460938132035	329.1938271207669	392.55	174.515	103.185	248.51	1458.3999565801357	480.985	838.025	687.005	963.0286556096089	388.75	1067.354889713195	1470.66	566.5699999999999	241.68	2532.45	247.87	67.84450000000001	1189.92	91.495	278.12391953322935	2020.15	458.08	149.845	2005.1993701198255	207.045	1278.78	442.74274246463574	304.1275934720264	963.595	254.955	106.605	340.11	354.35936512084913	1478.3000000000002	395.48	1091.3330033458724	207.5959294236594	583.91	110.04	50.01	212.965	253.8875264233942	2561.05	2063.6845836862717	168.275	488.8200000000001	602.0449830456665	1999.0	75.81	266.28	533.6500000000001	509.26	914.42	177.7715225707114	294.39011655081754	211.178820802212	317.91	202.385	56.815	584.915	1178.5	41.17	173.51999999999998	1496.71460495203	353.815	353.16588951976684	902.2120139155679	115.21	71.19	365.2067825663155	478.515	357.61036035823474	548.1292148238146	3519.7	208.495	737.8315134125025	343.545	547.4855098320819	325.6545567214054	1175.95	473.0863331447859	126.155	296.2880399081789	165.67499999999998	295.85034736364554	140.185	912.96	245.41261336061757	29.01	1086.3610532803928	532.1743557826483	96.235	140.805	477.05	316.3260390033611	106.485	1036.37	38.58	550.635	348.155	140.48325960905237	-18.637256112928867	488.68	917.315	803.1884638611671	1038.15	1453.45	311.46130798227813	903.015	428.66	43.675	466.84	200.595	691.0212936270985	359.07091176622447	963.57	312.7676531174822	1038.14	701.8	715.1899999999999	126.03	186.32355880707848	937.305	405.63066658153747	2531.5	222.28103125245252	372.675	65.265	895.935	1768.1796000697066	358.17	225.35	1639.3594948670318	111.835	538.11845056444	794.43	542.515	233.32	101.885	702.89	199.15	175.055	79.525	94.33	49.28	249.71	354.21	3308.8	391.545	764.6880506302557	58.845	722.3997153962754	249.35	566.77	68.275	391.6549616968324	730.8883238836165	1592.215	239.3657878666932	64.21000000000001	769.6963281349972	980.1412238541285	78.78	483.02299984740864	354.7407531401061	42.57	55.675	540.88	1634.3	1182.83	460.39	1026.47	13.016	132.78	238.45	218.88	365.6995774042689	417.095	320.3721703533963	209.945	473.4737723977202	685.425	1006.3200629744083	110.755	321.08000000000004	561.6899999999999	519.5766991447849	291.33000000000004	156.5	913.0454053227093	184.205	293.64	926.155	238.085	247.555	403.1950000000001	540.2877477075956	663.0	1027.5431420848754	737.8310725941551	1392.4499999999998	21.3725	529.1	1716.15	270.988913911649	737.9841668024735	46.905	23.745	343.8700123966248	48.760000000000005	130.175	148.68	182.245	320.23	219.6905421969932	49.9595	502.75	1025.3	110.9	290.73	103.35	315.5258535169145	169.29500000000002	467.07038497237437	646.28	659.48	353.47448240011653	355.05499999999995	8.038	117.91	254.055	2427.15	544.18	926.1699100158594	273.555	217.39	234.765	84.66499999999999	2089.3	1774.9	189.615	433.1699512705611	978.7139341941669	1589.45	135.665	299.92076379718077	408.98148713740255	232.79	570.0699999999999	494.23	53.865	817.4740039324734	267.79	2131.7	813.7940523687112	827.3266346283312	678.8135909104692	170.74	18.71	70.785	248.335	2294.5986990302918	1544.935	983.605	683.35	319.32	560.3517651038708	1026.291137829582	226.59000000000003	757.54	1139.025	437.555	1730.55	234.84	175.46	278.7371379288025	110.18	118.075	782.4649999999999	650.0814517734891	750.995	52.16	470.328012522168	77.515	250.54878829768631	28.753	283.545	1871.5	363.93468100182224	621.465	566.78	699.7149999999999	1859.65	910.5	109.645	1534.2357001498856	387.06556180807104	24.91	1592.1181146635145	7.346500000000001	504.60076741132093	139.72665502740153	559.76641344087	723.87	1599.1149999999998	193.405	667.4200000000001	551.965	564.1670929839672	181.59500000000003	327.18	407.67934981369604	374.89	329.77	97.335	49.25	452.0	637.4250000000001	1629.675	246.93	113.64	201.87	918.2033206191818	673.1996941173471	366.975	842.95	265.31441962366307	142.11108154266765	170.405	193.895	506.0480441758958	87.97	427.95	545.375	213.05261937365418	415.65331289909307	173.19005741220252	347.52000000000004	2436.3	641.9449999999999	876.605	433.4475065318171	645.7049999999999	615.9350113780525	344.135	146.75810841174751	1864.7	338.3805215541469	100.71	83.64	581.92	204.84345966274287	505.395	121.31679846099632	699.0699999999999	155.69	320.31	684.8499999999999	1939.9	298.455	568.958593057095	296.67	2018.95	966.115	176.67000000000002	127.78	1541.1168745521768	958.91	89.895	1597.8	625.345	497.5773589618143	201.07855038112575	298.56	122.5227973105832	546.1657397744809	281.16	168.07999999999998	110.07	651.51	122.01	178.715	21.801014610175116	736.075	115.12322053179633	3057.1	914.555	339.925	227.925	346.92999999999995	232.868846765719	363.53	403.095	48.605	770.8316758258208	524.1853748176445	618.595	919.265	236.09	473.0571389478721	815.0932041499742	149.65083855591502	771.2082749548496	179.20499999999998	3556.2	115.075	220.76	218.18310374660246	479.745	624.5	132.7	330.02	385.82	-32.53401443906125	18.955	281.8367721754627	39.775	839.03	90.33	1154.655	328.7	164.2957056919127	194.57	998.0137629294969	1327.5	395.58	1296.4	149.7563143641197	647.0839671602308	1005.695	434.845	468.46	251.265	254.625	1764.8204039652417	582.165	1925.5	244.275	329.39	93.05	219.41	103.275	504.24	330.475	652.2899516937633	177.465	102.37	154.745	979.0	654.47	595.3556873523121	893.5899999999999	317.35	1961.25	199.84610243069733	273.05406772024065	265.9856657435069	1954.55	1557.5500000000002	1081.145	406.35	389.50861716353603	866.5	373.27846706444336	111.83	1546.3000000000002	195.145	119.33	41.92	686.7023959060353	255.89849964965583	337.1625204231933	1152.605	257.196829905817	1642.25	2407.615	872.3614384825448	190.565	866.51	469.325	1050.9750417107784	2547.0	293.81060072161983	823.0	2369.5	671.9200000000001	128.845	724.1240064177708	219.505	176.14	215.65	350.505	393.595	1134.8320762266735	4309.55	797.13	181.465	222.03	99.56	1054.05	243.835	2680.8500000000004	164.80499999999998	263.805	255.395	96.245	317.505	695.416452922255	573.8	396.62072026825126	197.865	301.55363510459307	511.9500000000001	262.23746748469426	510.5334309718778	86.83500000000001	630.13	252.35558248032976	127.9	262.8191473312335	213.34788751759504	811.9749999999999	163.915	76.195	530.1102138525357	40.08	789.1700000000001	2274.5	209.02001313200384	281.16	1801.35	362.695	278.94	311.12	240.045	118.55	781.545	1478.2439956024796	117.955	1817.75	475.25	312.31	51.27	1141.5	124.58	367.795	128.4971682979596	841.405	219.51	243.07844013695052	444.075	1780.238867226461	862.0799999999999	184.6	227.98	50.645	34.885	48.09	220.53018092552855	371.25581215197667	501.675	1927.0	421.62	475.0661886031634	337.67	427.63	260.62535471400315	322.320587448728	458.765	641.44	2290.25	336.27	408.215	421.92	341.2742735953924	261.1104151936801	217.41000000000005	1530.5	360.04999999999995	365.62	237.04	445.6850045612884	145.225	892.9549999999999	233.715	213.86	235.64672369320158	248.8291158502393	317.56500000000005	16.105	693.875	254.63	686.3199999999999	674.545	235.55	44.465	20.985	531.985	172.45	1109.2982745717673	1209.15	1398.5675	691.2080002344031	3001.1	907.845	653.95	1182.3288906252888	304.415	119.43	205.97	497.8746708999111	306.29	419.8200481415265	1221.645	216.68	321.5829580932113	869.515	185.85	654.875	1817.74	545.185	1816.55	339.88	49.37	775.0999999999999	120.38	1292.6380716368271	481.82893314899695	810.3330071888084	2964.75	2035.1557820306102	4202.45	209.42	-15.857135019314342	326.9181825513108	175.11	69.055	311.17	813.9516048534972	379.77	1399.4465939287932	64.935	638.0956009087677	573.8420187835455	329.66470126453794	2080.6	11.4765	362.425	399.3240187462396	1926.11	757.2473174475836	507.6145	824.875	47.42217844664913	189.34	17.4965	-18.15091325260505	1369.8	307.25199369492924	290.0	45.8	683.8	116.965	209.045	420.97	323.18320884291893	257.0748434467839	237.26	328.96862905685873	1137.725	304.712519344578	473.63788706472263	384.78	1378.6	110.36	77.44500000000001	237.155	695.96	101.42218555189186	344.43	393.745	336.005	255.80913374832738	250.485	12.94	1837.55	352.70500000000004	368.745	611.6742616044457	536.2149999999999	260.54	560.235579413545	331.5093457134616	204.36665450848005	144.04999999999998	241.38321307058442	1972.3	1328.96	144.79500000000002	2632.7	269.19
